42 0.325 0.253 0.003 0.004
27 0.332 0.252 0.003 0.004
34 0.342 0.255 0.003 0.004
43 0.327 0.263 0.003 0.004
41 0.332 0.257 0.003 0.004
42 0.337 0.258 0.003 0.004
43 0.333 0.266 0.003 0.004
41 0.344 0.266 0.003 0.004
43 0.337 0.275 0.003 0.004
44 0.332 0.279 0.003 0.004
42 0.345 0.281 0.003 0.004
48 0.333 0.287 0.003 0.004
48 0.331 0.297 0.003 0.004
49 0.329 0.307 0.003 0.004
51 0.326 0.317 0.003 0.004
53 0.325 0.326 0.003 0.004
57 0.325 0.326 0.003 0.004
56 0.334 0.350 0.003 0.004
51 0.337 0.358 0.003 0.004
59 0.334 0.366 0.003 0.004
58 0.340 0.368 0.003 0.004
59 0.344 0.375 0.003 0.004
61 0.333 0.379 0.003 0.004
56 0.333 0.392 0.003 0.004
56 0.339 0.390 0.003 0.004
62 0.334 0.404 0.003 0.004
63 0.341 0.413 0.003 0.004
62 0.333 0.416 0.003 0.004
60 0.333 0.428 0.003 0.004
62 0.335 0.441 0.003 0.004
64 0.344 0.449 0.003 0.004
63 0.332 0.453 0.003 0.004
62 0.344 0.464 0.003 0.004
62 0.329 0.467 0.003 0.004
65 0.341 0.474 0.003 0.004
64 0.326 0.482 0.003 0.004
64 0.338 0.483 0.003 0.004
67 0.331 0.487 0.003 0.004
67 0.333 0.492 0.003 0.004
76 0.329 0.503 0.003 0.004
68 0.332 0.514 0.003 0.004
68 0.326 0.513 0.003 0.004
68 0.332 0.516 0.003 0.004
64 0.332 0.525 0.003 0.004
64 0.332 0.540 0.003 0.004
68 0.325 0.553 0.003 0.004
67 0.332 0.553 0.003 0.004
68 0.343 0.548 0.003 0.004
70 0.341 0.557 0.003 0.004
70 0.328 0.565 0.003 0.004
71 0.336 0.568 0.003 0.004
67 0.343 0.572 0.003 0.004
70 0.335 0.579 0.003 0.004
66 0.346 0.588 0.003 0.004
69 0.336 0.596 0.003 0.004
66 0.331 0.599 0.003 0.004
65 0.324 0.605 0.003 0.004
65 0.332 0.608 0.003 0.004
67 0.343 0.605 0.003 0.004
54 0.325 0.638 0.003 0.004
58 0.331 0.639 0.003 0.004
65 0.341 0.642 0.003 0.004
67 0.344 0.630 0.003 0.004
49 0.339 0.649 0.003 0.004
56 0.336 0.656 0.003 0.004
42 0.334 0.664 0.003 0.004
53 0.332 0.673 0.003 0.004
55 0.338 0.674 0.003 0.004
44 0.341 0.670 0.003 0.004
52 0.346 0.660 0.003 0.004
46 0.335 0.679 0.003 0.004
40 0.332 0.685 0.003 0.004
46 0.328 0.686 0.003 0.004
48 0.326 0.692 0.003 0.004
52 0.327 0.724 0.003 0.004
56 0.333 0.726 0.003 0.004
52 0.341 0.729 0.003 0.004
68 0.329 0.799 0.003 0.004
72 0.336 0.795 0.003 0.004
70 0.342 0.790 0.003 0.004
99 0.325 0.873 0.003 0.004
84 0.346 0.876 0.003 0.004
79 0.352 0.872 0.003 0.004
125 0.355 0.864 0.003 0.004
94 0.359 0.855 0.003 0.004
83 0.362 0.848 0.003 0.004
88 0.365 0.842 0.003 0.004
90 0.369 0.849 0.003 0.004
53 0.349 0.782 0.003 0.004
62 0.354 0.776 0.003 0.004
91 0.368 0.778 0.003 0.004
47 0.362 0.772 0.003 0.004
48 0.364 0.767 0.003 0.004
45 0.360 0.763 0.003 0.004
48 0.363 0.767 0.003 0.004
88 0.367 0.763 0.003 0.004
45 0.361 0.758 0.003 0.004
63 0.361 0.751 0.003 0.004
54 0.362 0.745 0.003 0.004
69 0.368 0.742 0.003 0.004
49 0.363 0.736 0.003 0.004
47 0.357 0.737 0.003 0.004
45 0.350 0.734 0.003 0.004
47 0.363 0.727 0.003 0.004
48 0.365 0.719 0.003 0.004
38 0.364 0.711 0.003 0.004
45 0.365 0.704 0.003 0.004
40 0.366 0.697 0.003 0.004
45 0.367 0.691 0.003 0.004
43 0.367 0.682 0.003 0.004
64 0.367 0.676 0.003 0.004
45 0.368 0.667 0.003 0.004
38 0.368 0.658 0.003 0.004
43 0.369 0.650 0.003 0.004
60 0.364 0.646 0.003 0.004
52 0.347 0.659 0.003 0.004
50 0.352 0.652 0.003 0.004
47 0.355 0.648 0.003 0.004
56 0.358 0.640 0.003 0.004
60 0.364 0.645 0.003 0.004
59 0.357 0.631 0.003 0.004
43 0.369 0.649 0.003 0.004
60 0.364 0.629 0.003 0.004
61 0.358 0.621 0.003 0.004
63 0.348 0.620 0.003 0.004
62 0.351 0.612 0.003 0.004
66 0.354 0.601 0.003 0.004
67 0.360 0.594 0.003 0.004
66 0.366 0.589 0.003 0.004
65 0.352 0.585 0.003 0.004
66 0.366 0.588 0.003 0.004
68 0.367 0.578 0.003 0.004
64 0.358 0.579 0.003 0.004
65 0.352 0.577 0.003 0.004
67 0.359 0.572 0.003 0.004
68 0.366 0.569 0.003 0.004
68 0.349 0.562 0.003 0.004
63 0.355 0.554 0.003 0.004
69 0.362 0.552 0.003 0.004
67 0.363 0.540 0.003 0.004
65 0.353 0.539 0.003 0.004
62 0.360 0.530 0.003 0.004
63 0.351 0.524 0.003 0.004
58 0.366 0.520 0.003 0.004
64 0.354 0.515 0.003 0.004
61 0.366 0.509 0.003 0.004
65 0.357 0.502 0.003 0.004
63 0.361 0.491 0.003 0.004
63 0.368 0.494 0.003 0.004
60 0.369 0.481 0.003 0.004
65 0.370 0.470 0.003 0.004
65 0.348 0.457 0.003 0.004
63 0.352 0.454 0.003 0.004
54 0.356 0.449 0.003 0.004
61 0.352 0.446 0.003 0.004
63 0.351 0.439 0.003 0.004
62 0.358 0.437 0.003 0.004
63 0.369 0.439 0.003 0.004
62 0.361 0.429 0.003 0.004
61 0.365 0.423 0.003 0.004
59 0.360 0.419 0.003 0.004
60 0.369 0.413 0.003 0.004
58 0.357 0.408 0.003 0.004
59 0.353 0.399 0.003 0.004
58 0.364 0.394 0.003 0.004
60 0.350 0.385 0.003 0.004
58 0.360 0.384 0.003 0.004
57 0.354 0.372 0.003 0.004
56 0.358 0.364 0.003 0.004
58 0.350 0.363 0.003 0.004
54 0.361 0.357 0.003 0.004
56 0.353 0.351 0.003 0.004
53 0.364 0.351 0.003 0.004
51 0.367 0.345 0.003 0.004
55 0.355 0.339 0.003 0.004
52 0.357 0.331 0.003 0.004
49 0.358 0.322 0.003 0.004
47 0.359 0.313 0.003 0.004
45 0.361 0.304 0.003 0.004
43 0.365 0.294 0.003 0.004
38 0.365 0.284 0.003 0.004
41 0.354 0.283 0.003 0.004
37 0.368 0.278 0.003 0.004
39 0.357 0.278 0.003 0.004
40 0.353 0.269 0.003 0.004
37 0.361 0.271 0.003 0.004
35 0.366 0.270 0.003 0.004
33 0.349 0.259 0.003 0.004
37 0.356 0.264 0.003 0.004
19 0.366 0.266 0.003 0.004
27 0.372 0.272 0.003 0.004
34 0.372 0.283 0.003 0.004
32 0.377 0.278 0.003 0.004
35 0.376 0.286 0.003 0.004
29 0.382 0.282 0.003 0.004
11 0.392 0.281 0.003 0.004
28 0.388 0.286 0.003 0.004
24 0.388 0.286 0.003 0.004
34 0.386 0.291 0.003 0.004
27 0.391 0.291 0.003 0.004
35 0.386 0.296 0.003 0.004
32 0.389 0.297 0.003 0.004
23 0.386 0.300 0.003 0.004
31 0.390 0.303 0.003 0.004
33 0.385 0.306 0.003 0.004
27 0.392 0.309 0.003 0.004
30 0.392 0.309 0.003 0.004
30 0.392 0.314 0.003 0.004
41 0.384 0.320 0.003 0.004
41 0.393 0.320 0.003 0.004
46 0.380 0.328 0.003 0.004
46 0.384 0.329 0.003 0.004
53 0.376 0.333 0.003 0.004
50 0.383 0.335 0.003 0.004
52 0.371 0.338 0.003 0.004
30 0.395 0.299 0.003 0.004
30 0.401 0.300 0.003 0.004
31 0.409 0.301 0.003 0.004
34 0.394 0.304 0.003 0.004
27 0.398 0.303 0.003 0.004
28 0.404 0.303 0.003 0.004
26 0.397 0.306 0.003 0.004
18 0.401 0.306 0.003 0.004
32 0.408 0.305 0.003 0.004
35 0.412 0.308 0.003 0.004
28 0.397 0.310 0.003 0.004
3 0.404 0.310 0.003 0.004
3 0.411 0.321 0.003 0.004
28 0.397 0.310 0.003 0.004
34 0.397 0.314 0.003 0.004
38 0.414 0.315 0.003 0.004
14 0.405 0.319 0.003 0.004
12 0.412 0.319 0.003 0.004
31 0.415 0.327 0.003 0.004
18 0.411 0.327 0.003 0.004
30 0.407 0.331 0.003 0.004
25 0.406 0.329 0.003 0.004
8 0.407 0.312 0.003 0.004
32 0.402 0.322 0.003 0.004
43 0.402 0.330 0.003 0.004
45 0.405 0.337 0.003 0.004
42 0.414 0.333 0.003 0.004
51 0.382 0.343 0.003 0.004
53 0.381 0.350 0.003 0.004
54 0.380 0.357 0.003 0.004
54 0.392 0.364 0.003 0.004
54 0.380 0.358 0.003 0.004
54 0.379 0.367 0.003 0.004
55 0.387 0.373 0.003 0.004
54 0.379 0.374 0.003 0.004
56 0.385 0.380 0.003 0.004
55 0.385 0.380 0.003 0.004
57 0.380 0.387 0.003 0.004
58 0.380 0.387 0.003 0.004
59 0.380 0.387 0.003 0.004
59 0.373 0.405 0.003 0.004
60 0.376 0.417 0.003 0.004
59 0.375 0.431 0.003 0.004
53 0.395 0.358 0.003 0.004
52 0.395 0.358 0.003 0.004
51 0.400 0.346 0.003 0.004
50 0.402 0.342 0.003 0.004
51 0.408 0.342 0.003 0.004
52 0.408 0.348 0.003 0.004
53 0.407 0.357 0.003 0.004
55 0.405 0.365 0.003 0.004
55 0.404 0.373 0.003 0.004
58 0.404 0.383 0.003 0.004
60 0.403 0.394 0.003 0.004
59 0.403 0.394 0.003 0.004
61 0.399 0.413 0.003 0.004
62 0.398 0.425 0.003 0.004
63 0.398 0.434 0.003 0.004
60 0.415 0.427 0.003 0.004
63 0.374 0.442 0.003 0.004
58 0.373 0.456 0.003 0.004
61 0.388 0.457 0.003 0.004
61 0.383 0.472 0.003 0.004
63 0.388 0.481 0.003 0.004
60 0.376 0.482 0.003 0.004
63 0.396 0.447 0.003 0.004
61 0.397 0.456 0.003 0.004
63 0.396 0.465 0.003 0.004
62 0.395 0.472 0.003 0.004
62 0.398 0.479 0.003 0.004
61 0.408 0.471 0.003 0.004
62 0.406 0.461 0.003 0.004
61 0.408 0.471 0.003 0.004
62 0.405 0.460 0.003 0.004
57 0.411 0.464 0.003 0.004
61 0.408 0.472 0.003 0.004
60 0.411 0.480 0.003 0.004
58 0.413 0.455 0.003 0.004
59 0.414 0.445 0.003 0.004
62 0.372 0.488 0.003 0.004
63 0.392 0.489 0.003 0.004
61 0.384 0.492 0.003 0.004
61 0.376 0.495 0.003 0.004
57 0.388 0.499 0.003 0.004
60 0.388 0.499 0.003 0.004
8 0.389 0.505 0.003 0.004
9 0.391 0.513 0.003 0.004
8 0.389 0.522 0.003 0.004
9 0.392 0.526 0.003 0.004
44 0.387 0.514 0.003 0.004
46 0.387 0.529 0.003 0.004
61 0.381 0.521 0.003 0.004
65 0.380 0.528 0.003 0.004
56 0.373 0.519 0.003 0.004
62 0.371 0.531 0.003 0.004
57 0.371 0.531 0.003 0.004
58 0.401 0.488 0.003 0.004
16 0.394 0.506 0.003 0.004
18 0.394 0.506 0.003 0.004
58 0.401 0.488 0.003 0.004
47 0.398 0.510 0.003 0.004
56 0.410 0.495 0.003 0.004
51 0.409 0.504 0.003 0.004
53 0.416 0.504 0.003 0.004
38 0.404 0.513 0.003 0.004
48 0.408 0.511 0.003 0.004
41 0.414 0.513 0.003 0.004
31 0.409 0.517 0.003 0.004
33 0.414 0.520 0.003 0.004
18 0.406 0.522 0.003 0.004
14 0.402 0.531 0.003 0.004
9 0.407 0.532 0.003 0.004
13 0.409 0.523 0.003 0.004
2 0.411 0.527 0.003 0.004
3 0.414 0.528 0.003 0.004
64 0.373 0.543 0.003 0.004
62 0.381 0.540 0.003 0.004
65 0.376 0.563 0.003 0.004
66 0.376 0.579 0.003 0.004
66 0.381 0.574 0.003 0.004
64 0.389 0.579 0.003 0.004
35 0.393 0.575 0.003 0.004
42 0.389 0.565 0.003 0.004
52 0.386 0.556 0.003 0.004
56 0.382 0.551 0.003 0.004
19 0.382 0.546 0.003 0.004
8 0.389 0.553 0.003 0.004
5 0.392 0.560 0.003 0.004
7 0.400 0.538 0.003 0.004
8 0.396 0.549 0.003 0.004
6 0.396 0.549 0.003 0.004
15 0.399 0.560 0.003 0.004
4 0.403 0.558 0.003 0.004
36 0.393 0.574 0.003 0.004
68 0.380 0.591 0.003 0.004
68 0.391 0.593 0.003 0.004
68 0.387 0.599 0.003 0.004
62 0.377 0.607 0.003 0.004
60 0.375 0.613 0.003 0.004
66 0.389 0.610 0.003 0.004
61 0.371 0.619 0.003 0.004
61 0.377 0.627 0.003 0.004
58 0.384 0.622 0.003 0.004
59 0.390 0.622 0.003 0.004
66 0.389 0.610 0.003 0.004
53 0.399 0.583 0.003 0.004
7 0.411 0.586 0.003 0.004
38 0.415 0.590 0.003 0.004
62 0.397 0.593 0.003 0.004
65 0.406 0.596 0.003 0.004
60 0.411 0.592 0.003 0.004
49 0.415 0.597 0.003 0.004
66 0.400 0.600 0.003 0.004
61 0.414 0.605 0.003 0.004
62 0.410 0.602 0.003 0.004
63 0.397 0.612 0.003 0.004
64 0.409 0.612 0.003 0.004
62 0.398 0.620 0.003 0.004
63 0.371 0.631 0.003 0.004
58 0.371 0.636 0.003 0.004
60 0.371 0.643 0.003 0.004
57 0.381 0.634 0.003 0.004
59 0.387 0.636 0.003 0.004
58 0.385 0.645 0.003 0.004
57 0.383 0.655 0.003 0.004
46 0.381 0.666 0.003 0.004
62 0.395 0.631 0.003 0.004
57 0.398 0.640 0.003 0.004
37 0.400 0.653 0.003 0.004
50 0.404 0.661 0.003 0.004
50 0.415 0.671 0.003 0.004
37 0.407 0.671 0.003 0.004
34 0.409 0.677 0.003 0.004
47 0.378 0.680 0.003 0.004
50 0.377 0.688 0.003 0.004
69 0.375 0.696 0.003 0.004
42 0.373 0.708 0.003 0.004
48 0.372 0.719 0.003 0.004
45 0.386 0.721 0.003 0.004
34 0.410 0.678 0.003 0.004
35 0.405 0.681 0.003 0.004
36 0.401 0.687 0.003 0.004
38 0.397 0.691 0.003 0.004
39 0.395 0.705 0.003 0.004
48 0.396 0.712 0.003 0.004
67 0.396 0.721 0.003 0.004
56 0.415 0.702 0.003 0.004
72 0.412 0.710 0.003 0.004
71 0.408 0.718 0.003 0.004
73 0.406 0.724 0.003 0.004
64 0.371 0.731 0.003 0.004
76 0.387 0.743 0.003 0.004
81 0.381 0.747 0.003 0.004
81 0.377 0.751 0.003 0.004
82 0.371 0.756 0.003 0.004
83 0.392 0.748 0.003 0.004
86 0.392 0.757 0.003 0.004
93 0.391 0.767 0.003 0.004
74 0.395 0.729 0.003 0.004
81 0.404 0.733 0.003 0.004
77 0.396 0.735 0.003 0.004
90 0.399 0.747 0.003 0.004
98 0.405 0.750 0.003 0.004
90 0.398 0.757 0.003 0.004
83 0.404 0.762 0.003 0.004
118 0.404 0.772 0.003 0.004
84 0.375 0.778 0.003 0.004
84 0.380 0.785 0.003 0.004
116 0.403 0.784 0.003 0.004
116 0.401 0.796 0.003 0.004
116 0.400 0.808 0.003 0.004
120 0.400 0.820 0.003 0.004
101 0.374 0.852 0.003 0.004
96 0.378 0.855 0.003 0.004
85 0.383 0.857 0.003 0.004
82 0.388 0.860 0.003 0.004
120 0.398 0.831 0.003 0.004
81 0.397 0.842 0.003 0.004
71 0.397 0.855 0.003 0.004
61 0.397 0.868 0.003 0.004
67 0.402 0.868 0.003 0.004
64 0.408 0.871 0.003 0.004
77 0.425 0.871 0.003 0.004
77 0.428 0.856 0.003 0.004
95 0.432 0.840 0.003 0.004
107 0.438 0.823 0.003 0.004
84 0.417 0.731 0.003 0.004
88 0.418 0.736 0.003 0.004
87 0.424 0.734 0.003 0.004
84 0.429 0.728 0.003 0.004
77 0.417 0.718 0.003 0.004
82 0.434 0.723 0.003 0.004
79 0.436 0.713 0.003 0.004
75 0.436 0.706 0.003 0.004
74 0.437 0.701 0.003 0.004
64 0.437 0.694 0.003 0.004
70 0.418 0.709 0.003 0.004
70 0.423 0.709 0.003 0.004
55 0.423 0.703 0.003 0.004
69 0.430 0.697 0.003 0.004
30 0.417 0.698 0.003 0.004
34 0.422 0.698 0.003 0.004
47 0.418 0.694 0.003 0.004
65 0.418 0.687 0.003 0.004
39 0.417 0.683 0.003 0.004
32 0.418 0.679 0.003 0.004
50 0.426 0.695 0.003 0.004
59 0.427 0.692 0.003 0.004
68 0.431 0.687 0.003 0.004
61 0.437 0.683 0.003 0.004
57 0.443 0.681 0.003 0.004
31 0.418 0.674 0.003 0.004
57 0.418 0.668 0.003 0.004
58 0.417 0.633 0.003 0.004
58 0.440 0.631 0.003 0.004
57 0.441 0.638 0.003 0.004
50 0.445 0.631 0.003 0.004
42 0.449 0.633 0.003 0.004
34 0.454 0.639 0.003 0.004
55 0.441 0.646 0.003 0.004
54 0.449 0.647 0.003 0.004
37 0.457 0.648 0.003 0.004
57 0.448 0.654 0.003 0.004
47 0.456 0.656 0.003 0.004
66 0.450 0.661 0.003 0.004
57 0.446 0.675 0.003 0.004
75 0.452 0.667 0.003 0.004
64 0.462 0.664 0.003 0.004
69 0.458 0.667 0.003 0.004
65 0.451 0.675 0.003 0.004
63 0.421 0.624 0.003 0.004
61 0.426 0.622 0.003 0.004
58 0.436 0.618 0.003 0.004
47 0.439 0.614 0.003 0.004
46 0.430 0.614 0.003 0.004
57 0.424 0.614 0.003 0.004
48 0.427 0.606 0.003 0.004
28 0.436 0.607 0.003 0.004
28 0.429 0.602 0.003 0.004
42 0.426 0.598 0.003 0.004
31 0.420 0.593 0.003 0.004
56 0.422 0.600 0.003 0.004
31 0.419 0.594 0.003 0.004
9 0.422 0.590 0.003 0.004
5 0.422 0.586 0.003 0.004
19 0.428 0.585 0.003 0.004
3 0.429 0.593 0.003 0.004
9 0.437 0.590 0.003 0.004
2 0.436 0.598 0.003 0.004
1 0.437 0.602 0.003 0.004
11 0.435 0.581 0.003 0.004
40 0.425 0.580 0.003 0.004
32 0.446 0.624 0.003 0.004
7 0.442 0.611 0.003 0.004
3 0.446 0.619 0.003 0.004
6 0.449 0.623 0.003 0.004
9 0.454 0.625 0.003 0.004
3 0.461 0.621 0.003 0.004
1 0.456 0.617 0.003 0.004
11 0.461 0.615 0.003 0.004
7 0.462 0.595 0.003 0.004
2 0.456 0.598 0.003 0.004
6 0.446 0.592 0.003 0.004
2 0.456 0.598 0.003 0.004
1 0.450 0.587 0.003 0.004
6 0.446 0.592 0.003 0.004
11 0.458 0.586 0.003 0.004
8 0.427 0.573 0.003 0.004
9 0.437 0.575 0.003 0.004
2 0.430 0.559 0.003 0.004
8 0.436 0.556 0.003 0.004
4 0.427 0.553 0.003 0.004
1 0.422 0.560 0.003 0.004
1 0.421 0.551 0.003 0.004
7 0.430 0.544 0.003 0.004
2 0.423 0.543 0.003 0.004
27 0.434 0.536 0.003 0.004
25 0.449 0.538 0.003 0.004
30 0.460 0.538 0.003 0.004
22 0.457 0.545 0.003 0.004
16 0.447 0.546 0.003 0.004
9 0.455 0.554 0.003 0.004
8 0.444 0.555 0.003 0.004
12 0.444 0.555 0.003 0.004
6 0.441 0.563 0.003 0.004
15 0.451 0.564 0.003 0.004
17 0.454 0.571 0.003 0.004
4 0.417 0.530 0.003 0.004
25 0.423 0.530 0.003 0.004
29 0.436 0.530 0.003 0.004
33 0.438 0.522 0.003 0.004
34 0.439 0.517 0.003 0.004
39 0.423 0.514 0.003 0.004
45 0.432 0.491 0.003 0.004
42 0.427 0.503 0.003 0.004
39 0.453 0.486 0.003 0.004
37 0.451 0.491 0.003 0.004
38 0.446 0.502 0.003 0.004
38 0.443 0.510 0.003 0.004
34 0.461 0.502 0.003 0.004
33 0.457 0.514 0.003 0.004
34 0.456 0.521 0.003 0.004
33 0.454 0.527 0.003 0.004
49 0.436 0.477 0.003 0.004
60 0.419 0.476 0.003 0.004
59 0.419 0.467 0.003 0.004
58 0.429 0.455 0.003 0.004
54 0.440 0.444 0.003 0.004
48 0.449 0.449 0.003 0.004
38 0.458 0.470 0.003 0.004
52 0.442 0.464 0.003 0.004
49 0.454 0.437 0.003 0.004
62 0.422 0.434 0.003 0.004
57 0.427 0.421 0.003 0.004
56 0.418 0.416 0.003 0.004
55 0.418 0.407 0.003 0.004
56 0.418 0.398 0.003 0.004
58 0.420 0.389 0.003 0.004
56 0.435 0.395 0.003 0.004
56 0.431 0.409 0.003 0.004
57 0.426 0.421 0.003 0.004
54 0.454 0.397 0.003 0.004
56 0.450 0.408 0.003 0.004
57 0.443 0.424 0.003 0.004
53 0.452 0.428 0.003 0.004
51 0.460 0.420 0.003 0.004
56 0.420 0.378 0.003 0.004
54 0.422 0.368 0.003 0.004
56 0.423 0.357 0.003 0.004
52 0.424 0.348 0.003 0.004
49 0.425 0.341 0.003 0.004
55 0.439 0.383 0.003 0.004
53 0.439 0.383 0.003 0.004
51 0.459 0.384 0.003 0.004
50 0.446 0.361 0.003 0.004
39 0.461 0.357 0.003 0.004
43 0.452 0.347 0.003 0.004
40 0.463 0.348 0.003 0.004
38 0.461 0.339 0.003 0.004
45 0.419 0.331 0.003 0.004
44 0.425 0.331 0.003 0.004
41 0.438 0.329 0.003 0.004
37 0.437 0.323 0.003 0.004
34 0.436 0.316 0.003 0.004
36 0.433 0.319 0.003 0.004
27 0.431 0.313 0.003 0.004
44 0.420 0.325 0.003 0.004
36 0.428 0.317 0.003 0.004
41 0.423 0.320 0.003 0.004
42 0.419 0.315 0.003 0.004
34 0.423 0.313 0.003 0.004
36 0.417 0.308 0.003 0.004
35 0.420 0.309 0.003 0.004
30 0.424 0.307 0.003 0.004
20 0.426 0.306 0.003 0.004
26 0.418 0.304 0.003 0.004
14 0.422 0.302 0.003 0.004
20 0.444 0.314 0.003 0.004
5 0.458 0.318 0.003 0.004
19 0.452 0.318 0.003 0.004
33 0.444 0.320 0.003 0.004
33 0.448 0.324 0.003 0.004
38 0.448 0.324 0.003 0.004
41 0.445 0.333 0.003 0.004
32 0.453 0.329 0.003 0.004
35 0.457 0.332 0.003 0.004
37 0.455 0.337 0.003 0.004
9 0.460 0.335 0.003 0.004
11 0.460 0.335 0.003 0.004
20 0.479 0.341 0.003 0.004
23 0.474 0.344 0.003 0.004
22 0.468 0.346 0.003 0.004
29 0.479 0.347 0.003 0.004
39 0.467 0.350 0.003 0.004
39 0.472 0.352 0.003 0.004
29 0.479 0.347 0.003 0.004
38 0.477 0.354 0.003 0.004
35 0.485 0.355 0.003 0.004
36 0.482 0.362 0.003 0.004
41 0.467 0.364 0.003 0.004
46 0.463 0.374 0.003 0.004
38 0.479 0.370 0.003 0.004
40 0.477 0.377 0.003 0.004
31 0.486 0.349 0.003 0.004
28 0.491 0.349 0.003 0.004
3 0.503 0.354 0.003 0.004
31 0.494 0.353 0.003 0.004
33 0.490 0.354 0.003 0.004
30 0.498 0.358 0.003 0.004
25 0.504 0.358 0.003 0.004
35 0.490 0.363 0.003 0.004
30 0.497 0.365 0.003 0.004
30 0.500 0.362 0.003 0.004
36 0.489 0.370 0.003 0.004
29 0.496 0.372 0.003 0.004
30 0.497 0.382 0.003 0.004
35 0.489 0.386 0.003 0.004
47 0.471 0.394 0.003 0.004
52 0.465 0.402 0.003 0.004
41 0.484 0.404 0.003 0.004
52 0.466 0.403 0.003 0.004
46 0.480 0.415 0.003 0.004
46 0.477 0.423 0.003 0.004
46 0.486 0.422 0.003 0.004
47 0.474 0.431 0.003 0.004
37 0.487 0.394 0.003 0.004
36 0.494 0.391 0.003 0.004
37 0.493 0.402 0.003 0.004
38 0.490 0.409 0.003 0.004
41 0.508 0.408 0.003 0.004
40 0.506 0.415 0.003 0.004
41 0.506 0.415 0.003 0.004
38 0.502 0.435 0.003 0.004
47 0.481 0.438 0.003 0.004
47 0.480 0.446 0.003 0.004
46 0.468 0.445 0.003 0.004
44 0.464 0.458 0.003 0.004
41 0.475 0.459 0.003 0.004
42 0.484 0.454 0.003 0.004
38 0.471 0.473 0.003 0.004
35 0.484 0.467 0.003 0.004
34 0.483 0.478 0.003 0.004
35 0.466 0.486 0.003 0.004
32 0.482 0.492 0.003 0.004
30 0.481 0.503 0.003 0.004
31 0.476 0.501 0.003 0.004
30 0.480 0.503 0.003 0.004
30 0.468 0.511 0.003 0.004
30 0.476 0.512 0.003 0.004
29 0.465 0.524 0.003 0.004
32 0.464 0.529 0.003 0.004
26 0.473 0.526 0.003 0.004
29 0.478 0.524 0.003 0.004
29 0.484 0.525 0.003 0.004
30 0.485 0.519 0.003 0.004
29 0.484 0.527 0.003 0.004
32 0.491 0.490 0.003 0.004
31 0.489 0.496 0.003 0.004
31 0.489 0.496 0.003 0.004
28 0.487 0.512 0.003 0.004
28 0.508 0.502 0.003 0.004
31 0.507 0.515 0.003 0.004
32 0.507 0.522 0.003 0.004
32 0.506 0.531 0.003 0.004
28 0.472 0.534 0.003 0.004
31 0.483 0.534 0.003 0.004
27 0.466 0.538 0.003 0.004
31 0.470 0.540 0.003 0.004
31 0.479 0.539 0.003 0.004
19 0.466 0.544 0.003 0.004
20 0.476 0.554 0.003 0.004
10 0.470 0.552 0.003 0.004
9 0.466 0.555 0.003 0.004
11 0.465 0.561 0.003 0.004
16 0.466 0.572 0.003 0.004
32 0.479 0.548 0.003 0.004
30 0.480 0.555 0.003 0.004
31 0.479 0.562 0.003 0.004
29 0.474 0.564 0.003 0.004
30 0.485 0.566 0.003 0.004
29 0.479 0.569 0.003 0.004
29 0.471 0.576 0.003 0.004
29 0.479 0.575 0.003 0.004
29 0.485 0.574 0.003 0.004
32 0.478 0.580 0.003 0.004
29 0.506 0.541 0.003 0.004
26 0.504 0.548 0.003 0.004
25 0.504 0.556 0.003 0.004
30 0.504 0.563 0.003 0.004
23 0.503 0.570 0.003 0.004
31 0.502 0.578 0.003 0.004
12 0.464 0.583 0.003 0.004
28 0.470 0.582 0.003 0.004
31 0.475 0.587 0.003 0.004
12 0.468 0.593 0.003 0.004
17 0.475 0.594 0.003 0.004
23 0.479 0.598 0.003 0.004
29 0.483 0.598 0.003 0.004
2 0.463 0.603 0.003 0.004
7 0.473 0.609 0.003 0.004
20 0.483 0.611 0.003 0.004
6 0.485 0.616 0.003 0.004
4 0.484 0.622 0.003 0.004
3 0.478 0.622 0.003 0.004
12 0.471 0.622 0.003 0.004
9 0.483 0.627 0.003 0.004
29 0.502 0.586 0.003 0.004
33 0.501 0.591 0.003 0.004
33 0.487 0.597 0.003 0.004
38 0.490 0.597 0.003 0.004
38 0.494 0.597 0.003 0.004
32 0.497 0.597 0.003 0.004
31 0.500 0.597 0.003 0.004
33 0.503 0.597 0.003 0.004
33 0.507 0.597 0.003 0.004
39 0.500 0.602 0.003 0.004
37 0.490 0.610 0.003 0.004
37 0.494 0.613 0.003 0.004
46 0.499 0.611 0.003 0.004
38 0.494 0.616 0.003 0.004
7 0.489 0.618 0.003 0.004
45 0.489 0.618 0.003 0.004
7 0.491 0.624 0.003 0.004
64 0.494 0.627 0.003 0.004
63 0.490 0.628 0.003 0.004
63 0.499 0.629 0.003 0.004
9 0.471 0.633 0.003 0.004
55 0.484 0.633 0.003 0.004
56 0.479 0.637 0.003 0.004
53 0.475 0.641 0.003 0.004
41 0.466 0.642 0.003 0.004
60 0.472 0.646 0.003 0.004
50 0.464 0.649 0.003 0.004
64 0.468 0.652 0.003 0.004
58 0.495 0.635 0.003 0.004
61 0.488 0.640 0.003 0.004
61 0.491 0.647 0.003 0.004
69 0.497 0.647 0.003 0.004
67 0.495 0.654 0.003 0.004
72 0.496 0.669 0.003 0.004
80 0.485 0.690 0.003 0.004
76 0.495 0.680 0.003 0.004
74 0.499 0.682 0.003 0.004
77 0.494 0.691 0.003 0.004
86 0.503 0.698 0.003 0.004
93 0.493 0.712 0.003 0.004
91 0.505 0.720 0.003 0.004
93 0.493 0.712 0.003 0.004
95 0.492 0.724 0.003 0.004
93 0.502 0.732 0.003 0.004
90 0.508 0.740 0.003 0.004
89 0.508 0.747 0.003 0.004
59 0.487 0.818 0.003 0.004
62 0.477 0.870 0.003 0.004
58 0.519 0.868 0.003 0.004
58 0.518 0.860 0.003 0.004
57 0.517 0.852 0.003 0.004
57 0.516 0.840 0.003 0.004
57 0.516 0.828 0.003 0.004
56 0.533 0.865 0.003 0.004
57 0.533 0.849 0.003 0.004
58 0.533 0.839 0.003 0.004
61 0.533 0.824 0.003 0.004
57 0.550 0.861 0.003 0.004
56 0.552 0.845 0.003 0.004
58 0.553 0.837 0.003 0.004
59 0.553 0.826 0.003 0.004
59 0.514 0.818 0.003 0.004
61 0.514 0.811 0.003 0.004
67 0.513 0.800 0.003 0.004
72 0.512 0.793 0.003 0.004
75 0.512 0.784 0.003 0.004
80 0.511 0.775 0.003 0.004
62 0.533 0.813 0.003 0.004
65 0.534 0.799 0.003 0.004
74 0.533 0.788 0.003 0.004
61 0.554 0.814 0.003 0.004
90 0.511 0.768 0.003 0.004
87 0.509 0.758 0.003 0.004
93 0.517 0.744 0.003 0.004
89 0.525 0.735 0.003 0.004
86 0.532 0.728 0.003 0.004
87 0.535 0.736 0.003 0.004
87 0.535 0.749 0.003 0.004
83 0.535 0.762 0.003 0.004
80 0.534 0.773 0.003 0.004
77 0.536 0.695 0.003 0.004
82 0.536 0.716 0.003 0.004
81 0.544 0.713 0.003 0.004
76 0.554 0.703 0.003 0.004
66 0.540 0.654 0.003 0.004
58 0.540 0.640 0.003 0.004
34 0.512 0.598 0.003 0.004
36 0.516 0.599 0.003 0.004
39 0.521 0.602 0.003 0.004
42 0.525 0.603 0.003 0.004
43 0.529 0.604 0.003 0.004
52 0.538 0.621 0.003 0.004
50 0.539 0.611 0.003 0.004
43 0.534 0.604 0.003 0.004
45 0.539 0.605 0.003 0.004
48 0.543 0.607 0.003 0.004
44 0.548 0.608 0.003 0.004
43 0.553 0.609 0.003 0.004
31 0.539 0.601 0.003 0.004
28 0.539 0.596 0.003 0.004
48 0.538 0.591 0.003 0.004
41 0.539 0.588 0.003 0.004
34 0.538 0.577 0.003 0.004
27 0.538 0.568 0.003 0.004
29 0.539 0.558 0.003 0.004
32 0.538 0.547 0.003 0.004
29 0.538 0.540 0.003 0.004
27 0.554 0.533 0.003 0.004
34 0.538 0.577 0.003 0.004
29 0.510 0.493 0.003 0.004
30 0.520 0.487 0.003 0.004
28 0.538 0.529 0.003 0.004
24 0.539 0.521 0.003 0.004
26 0.539 0.512 0.003 0.004
30 0.539 0.504 0.003 0.004
31 0.538 0.495 0.003 0.004
32 0.539 0.486 0.003 0.004
30 0.511 0.481 0.003 0.004
31 0.512 0.472 0.003 0.004
32 0.513 0.455 0.003 0.004
33 0.514 0.449 0.003 0.004
35 0.515 0.442 0.003 0.004
36 0.515 0.436 0.003 0.004
32 0.521 0.478 0.003 0.004
33 0.521 0.464 0.003 0.004
33 0.524 0.449 0.003 0.004
33 0.531 0.452 0.003 0.004
33 0.528 0.465 0.003 0.004
33 0.538 0.479 0.003 0.004
31 0.535 0.471 0.003 0.004
32 0.537 0.465 0.003 0.004
34 0.538 0.457 0.003 0.004
34 0.542 0.447 0.003 0.004
35 0.543 0.437 0.003 0.004
34 0.534 0.437 0.003 0.004
31 0.510 0.391 0.003 0.004
35 0.509 0.400 0.003 0.004
38 0.516 0.430 0.003 0.004
37 0.516 0.423 0.003 0.004
37 0.517 0.417 0.003 0.004
36 0.517 0.409 0.003 0.004
36 0.518 0.403 0.003 0.004
33 0.519 0.397 0.003 0.004
30 0.519 0.392 0.003 0.004
36 0.526 0.430 0.003 0.004
36 0.527 0.414 0.003 0.004
32 0.530 0.403 0.003 0.004
29 0.530 0.393 0.003 0.004
33 0.540 0.428 0.003 0.004
32 0.546 0.424 0.003 0.004
36 0.537 0.418 0.003 0.004
27 0.549 0.415 0.003 0.004
28 0.551 0.405 0.003 0.004
29 0.538 0.405 0.003 0.004
29 0.539 0.392 0.003 0.004
29 0.545 0.390 0.003 0.004
26 0.548 0.394 0.003 0.004
30 0.511 0.385 0.003 0.004
27 0.511 0.378 0.003 0.004
27 0.521 0.384 0.003 0.004
26 0.532 0.385 0.003 0.004
25 0.522 0.379 0.003 0.004
19 0.531 0.380 0.003 0.004
23 0.527 0.377 0.003 0.004
23 0.522 0.373 0.003 0.004
26 0.514 0.372 0.003 0.004
21 0.530 0.372 0.003 0.004
23 0.528 0.367 0.003 0.004
27 0.522 0.365 0.003 0.004
27 0.517 0.364 0.003 0.004
28 0.513 0.360 0.003 0.004
23 0.528 0.368 0.003 0.004
24 0.526 0.360 0.003 0.004
17 0.531 0.361 0.003 0.004
14 0.522 0.357 0.003 0.004
24 0.518 0.356 0.003 0.004
19 0.514 0.355 0.003 0.004
2 0.522 0.354 0.003 0.004
25 0.537 0.385 0.003 0.004
23 0.536 0.379 0.003 0.004
21 0.536 0.373 0.003 0.004
17 0.540 0.374 0.003 0.004
4 0.543 0.373 0.003 0.004
4 0.547 0.373 0.003 0.004
3 0.547 0.376 0.003 0.004
23 0.542 0.381 0.003 0.004
19 0.547 0.382 0.003 0.004
21 0.548 0.385 0.003 0.004
20 0.535 0.369 0.003 0.004
22 0.539 0.369 0.003 0.004
21 0.545 0.369 0.003 0.004
15 0.547 0.370 0.003 0.004
10 0.550 0.372 0.003 0.004
18 0.551 0.368 0.003 0.004
20 0.534 0.364 0.003 0.004
20 0.539 0.363 0.003 0.004
17 0.545 0.365 0.003 0.004
17 0.548 0.363 0.003 0.004
17 0.552 0.364 0.003 0.004
11 0.533 0.358 0.003 0.004
17 0.541 0.359 0.003 0.004
19 0.546 0.358 0.003 0.004
16 0.551 0.358 0.003 0.004
14 0.554 0.355 0.003 0.004
13 0.550 0.353 0.003 0.004
12 0.545 0.353 0.003 0.004
7 0.540 0.353 0.003 0.004
10 0.539 0.351 0.003 0.004
11 0.544 0.350 0.003 0.004
10 0.555 0.345 0.003 0.004
6 0.554 0.340 0.003 0.004
9 0.550 0.347 0.003 0.004
7 0.548 0.344 0.003 0.004
6 0.545 0.345 0.003 0.004
7 0.541 0.344 0.003 0.004
8 0.540 0.340 0.003 0.004
7 0.541 0.340 0.003 0.004
7 0.537 0.341 0.003 0.004
5 0.535 0.340 0.003 0.004
2 0.535 0.340 0.003 0.004
8 0.535 0.345 0.003 0.004
6 0.551 0.337 0.003 0.004
4 0.539 0.337 0.003 0.004
1 0.533 0.336 0.003 0.004
3 0.534 0.335 0.003 0.004
2 0.534 0.331 0.003 0.004
5 0.537 0.335 0.003 0.004
4 0.539 0.338 0.003 0.004
4 0.542 0.333 0.003 0.004
2 0.546 0.324 0.003 0.004
4 0.547 0.333 0.003 0.004
6 0.551 0.337 0.003 0.004
5 0.551 0.332 0.003 0.004
7 0.554 0.331 0.003 0.004
4 0.554 0.322 0.003 0.004
3 0.552 0.319 0.003 0.004
1 0.547 0.320 0.003 0.004
2 0.546 0.325 0.003 0.004
4 0.555 0.322 0.003 0.004
4 0.547 0.333 0.003 0.004
1 0.564 0.286 0.003 0.004
1 0.588 0.287 0.003 0.004
2 0.580 0.291 0.003 0.004
3 0.556 0.301 0.003 0.004
2 0.563 0.297 0.003 0.004
1 0.571 0.293 0.003 0.004
2 0.570 0.297 0.003 0.004
2 0.566 0.298 0.003 0.004
5 0.561 0.300 0.003 0.004
6 0.575 0.304 0.003 0.004
5 0.574 0.310 0.003 0.004
4 0.566 0.311 0.003 0.004
1 0.558 0.313 0.003 0.004
2 0.556 0.317 0.003 0.004
6 0.563 0.317 0.003 0.004
4 0.569 0.317 0.003 0.004
6 0.557 0.324 0.003 0.004
8 0.561 0.323 0.003 0.004
7 0.566 0.320 0.003 0.004
7 0.571 0.322 0.003 0.004
8 0.576 0.328 0.003 0.004
8 0.569 0.327 0.003 0.004
8 0.558 0.334 0.003 0.004
10 0.566 0.335 0.003 0.004
3 0.578 0.298 0.003 0.004
2 0.580 0.291 0.003 0.004
2 0.588 0.293 0.003 0.004
2 0.601 0.295 0.003 0.004
4 0.586 0.301 0.003 0.004
5 0.582 0.303 0.003 0.004
4 0.585 0.307 0.003 0.004
6 0.595 0.305 0.003 0.004
1 0.582 0.312 0.003 0.004
6 0.593 0.313 0.003 0.004
8 0.580 0.320 0.003 0.004
8 0.588 0.320 0.003 0.004
6 0.593 0.322 0.003 0.004
8 0.585 0.328 0.003 0.004
7 0.591 0.329 0.003 0.004
5 0.601 0.332 0.003 0.004
8 0.588 0.334 0.003 0.004
8 0.558 0.340 0.003 0.004
10 0.573 0.340 0.003 0.004
11 0.564 0.342 0.003 0.004
10 0.558 0.348 0.003 0.004
12 0.562 0.350 0.003 0.004
12 0.569 0.352 0.003 0.004
12 0.574 0.357 0.003 0.004
12 0.559 0.356 0.003 0.004
15 0.558 0.361 0.003 0.004
0 0.556 0.366 0.003 0.004
17 0.566 0.364 0.003 0.004
15 0.572 0.364 0.003 0.004
8 0.574 0.373 0.003 0.004
7 0.571 0.378 0.003 0.004
6 0.574 0.384 0.003 0.004
8 0.574 0.384 0.003 0.004
9 0.581 0.342 0.003 0.004
8 0.592 0.345 0.003 0.004
9 0.583 0.349 0.003 0.004
6 0.598 0.353 0.003 0.004
7 0.585 0.358 0.003 0.004
10 0.581 0.363 0.003 0.004
7 0.591 0.364 0.003 0.004
12 0.579 0.368 0.003 0.004
12 0.600 0.367 0.003 0.004
7 0.584 0.373 0.003 0.004
11 0.594 0.373 0.003 0.004
0 0.580 0.378 0.003 0.004
13 0.590 0.379 0.003 0.004
18 0.562 0.396 0.003 0.004
24 0.556 0.401 0.003 0.004
21 0.570 0.403 0.003 0.004
22 0.577 0.407 0.003 0.004
24 0.569 0.411 0.003 0.004
27 0.561 0.401 0.003 0.004
27 0.566 0.406 0.003 0.004
25 0.566 0.406 0.003 0.004
26 0.560 0.413 0.003 0.004
26 0.577 0.415 0.003 0.004
27 0.568 0.417 0.003 0.004
30 0.559 0.419 0.003 0.004
32 0.569 0.423 0.003 0.004
30 0.576 0.423 0.003 0.004
33 0.560 0.426 0.003 0.004
33 0.560 0.435 0.003 0.004
10 0.596 0.389 0.003 0.004
15 0.596 0.389 0.003 0.004
12 0.582 0.397 0.003 0.004
22 0.586 0.398 0.003 0.004
17 0.591 0.397 0.003 0.004
0 0.586 0.403 0.003 0.004
19 0.582 0.408 0.003 0.004
22 0.588 0.407 0.003 0.004
23 0.584 0.411 0.003 0.004
23 0.588 0.413 0.003 0.004
12 0.591 0.411 0.003 0.004
10 0.597 0.410 0.003 0.004
18 0.595 0.427 0.003 0.004
29 0.584 0.420 0.003 0.004
30 0.584 0.426 0.003 0.004
25 0.595 0.432 0.003 0.004
32 0.568 0.437 0.003 0.004
34 0.575 0.438 0.003 0.004
34 0.559 0.444 0.003 0.004
30 0.575 0.453 0.003 0.004
31 0.568 0.454 0.003 0.004
33 0.559 0.458 0.003 0.004
29 0.575 0.465 0.003 0.004
27 0.568 0.470 0.003 0.004
29 0.559 0.473 0.003 0.004
29 0.575 0.475 0.003 0.004
30 0.595 0.437 0.003 0.004
34 0.584 0.440 0.003 0.004
33 0.596 0.444 0.003 0.004
31 0.583 0.452 0.003 0.004
30 0.583 0.460 0.003 0.004
31 0.595 0.463 0.003 0.004
28 0.583 0.469 0.003 0.004
29 0.595 0.473 0.003 0.004
26 0.582 0.476 0.003 0.004
31 0.594 0.480 0.003 0.004
26 0.583 0.482 0.003 0.004
27 0.559 0.484 0.003 0.004
25 0.567 0.486 0.003 0.004
25 0.575 0.485 0.003 0.004
23 0.575 0.492 0.003 0.004
23 0.576 0.500 0.003 0.004
25 0.558 0.498 0.003 0.004
24 0.567 0.495 0.003 0.004
23 0.568 0.501 0.003 0.004
23 0.558 0.504 0.003 0.004
22 0.558 0.504 0.003 0.004
22 0.568 0.508 0.003 0.004
22 0.556 0.521 0.003 0.004
24 0.556 0.526 0.003 0.004
30 0.575 0.517 0.003 0.004
32 0.575 0.531 0.003 0.004
27 0.555 0.534 0.003 0.004
26 0.582 0.490 0.003 0.004
29 0.594 0.495 0.003 0.004
28 0.582 0.498 0.003 0.004
29 0.582 0.511 0.003 0.004
30 0.593 0.517 0.003 0.004
30 0.580 0.524 0.003 0.004
31 0.599 0.523 0.003 0.004
31 0.592 0.532 0.003 0.004
31 0.577 0.544 0.003 0.004
32 0.578 0.562 0.003 0.004
36 0.575 0.579 0.003 0.004
31 0.587 0.542 0.003 0.004
34 0.589 0.555 0.003 0.004
34 0.579 0.573 0.003 0.004
34 0.582 0.577 0.003 0.004
34 0.588 0.575 0.003 0.004
33 0.590 0.569 0.003 0.004
32 0.595 0.575 0.003 0.004
31 0.600 0.568 0.003 0.004
31 0.568 0.583 0.003 0.004
36 0.571 0.587 0.003 0.004
33 0.572 0.591 0.003 0.004
24 0.574 0.594 0.003 0.004
33 0.572 0.598 0.003 0.004
29 0.575 0.601 0.003 0.004
20 0.575 0.608 0.003 0.004
42 0.558 0.610 0.003 0.004
40 0.563 0.612 0.003 0.004
38 0.567 0.614 0.003 0.004
21 0.573 0.616 0.003 0.004
26 0.577 0.620 0.003 0.004
43 0.575 0.625 0.003 0.004
22 0.587 0.583 0.003 0.004
20 0.595 0.584 0.003 0.004
20 0.601 0.587 0.003 0.004
11 0.594 0.587 0.003 0.004
30 0.588 0.591 0.003 0.004
19 0.598 0.594 0.003 0.004
29 0.597 0.600 0.003 0.004
30 0.589 0.599 0.003 0.004
9 0.600 0.603 0.003 0.004
19 0.580 0.603 0.003 0.004
40 0.582 0.605 0.003 0.004
11 0.584 0.607 0.003 0.004
18 0.579 0.613 0.003 0.004
11 0.585 0.614 0.003 0.004
11 0.596 0.613 0.003 0.004
17 0.580 0.622 0.003 0.004
19 0.583 0.629 0.003 0.004
8 0.593 0.621 0.003 0.004
16 0.598 0.623 0.003 0.004
38 0.593 0.626 0.003 0.004
44 0.600 0.626 0.003 0.004
49 0.574 0.635 0.003 0.004
57 0.572 0.653 0.003 0.004
66 0.570 0.672 0.003 0.004
48 0.602 0.632 0.003 0.004
49 0.594 0.637 0.003 0.004
51 0.584 0.639 0.003 0.004
57 0.586 0.656 0.003 0.004
65 0.586 0.673 0.003 0.004
74 0.568 0.694 0.003 0.004
77 0.565 0.716 0.003 0.004
70 0.586 0.692 0.003 0.004
72 0.588 0.714 0.003 0.004
80 0.563 0.738 0.003 0.004
81 0.561 0.749 0.003 0.004
79 0.560 0.763 0.003 0.004
71 0.559 0.774 0.003 0.004
80 0.589 0.735 0.003 0.004
73 0.597 0.746 0.003 0.004
75 0.588 0.747 0.003 0.004
71 0.589 0.758 0.003 0.004
66 0.599 0.771 0.003 0.004
65 0.557 0.788 0.003 0.004
60 0.556 0.800 0.003 0.004
58 0.575 0.866 0.003 0.004
58 0.563 0.858 0.003 0.004
58 0.566 0.851 0.003 0.004
59 0.569 0.843 0.003 0.004
58 0.572 0.836 0.003 0.004
59 0.575 0.828 0.003 0.004
63 0.595 0.782 0.003 0.004
61 0.591 0.791 0.003 0.004
64 0.588 0.799 0.003 0.004
62 0.583 0.808 0.003 0.004
60 0.579 0.818 0.003 0.004
56 0.594 0.828 0.003 0.004
56 0.585 0.829 0.003 0.004
56 0.583 0.850 0.003 0.004
56 0.582 0.859 0.003 0.004
53 0.590 0.863 0.003 0.004
51 0.582 0.874 0.003 0.004
58 0.602 0.811 0.003 0.004
47 0.640 0.864 0.003 0.004
44 0.638 0.850 0.003 0.004
46 0.640 0.839 0.003 0.004
44 0.635 0.827 0.003 0.004
48 0.642 0.825 0.003 0.004
49 0.633 0.817 0.003 0.004
51 0.638 0.814 0.003 0.004
48 0.645 0.807 0.003 0.004
49 0.632 0.803 0.003 0.004
51 0.647 0.792 0.003 0.004
53 0.637 0.788 0.003 0.004
67 0.602 0.764 0.003 0.004
68 0.607 0.753 0.003 0.004
72 0.611 0.745 0.003 0.004
70 0.614 0.737 0.003 0.004
68 0.618 0.728 0.003 0.004
58 0.635 0.765 0.003 0.004
65 0.632 0.742 0.003 0.004
69 0.602 0.708 0.003 0.004
66 0.621 0.720 0.003 0.004
65 0.624 0.713 0.003 0.004
64 0.605 0.689 0.003 0.004
62 0.630 0.718 0.003 0.004
62 0.628 0.705 0.003 0.004
57 0.645 0.700 0.003 0.004
56 0.644 0.686 0.003 0.004
58 0.632 0.698 0.003 0.004
52 0.635 0.689 0.003 0.004
50 0.638 0.681 0.003 0.004
56 0.643 0.685 0.003 0.004
54 0.629 0.680 0.003 0.004
59 0.607 0.671 0.003 0.004
51 0.609 0.653 0.003 0.004
48 0.611 0.636 0.003 0.004
48 0.643 0.669 0.003 0.004
45 0.646 0.664 0.003 0.004
50 0.636 0.663 0.003 0.004
47 0.629 0.660 0.003 0.004
45 0.631 0.648 0.003 0.004
43 0.631 0.638 0.003 0.004
47 0.626 0.634 0.003 0.004
40 0.630 0.629 0.003 0.004
46 0.608 0.625 0.003 0.004
24 0.604 0.621 0.003 0.004
34 0.613 0.622 0.003 0.004
27 0.624 0.623 0.003 0.004
35 0.602 0.613 0.003 0.004
21 0.613 0.618 0.003 0.004
26 0.623 0.619 0.003 0.004
20 0.614 0.613 0.003 0.004
23 0.623 0.615 0.003 0.004
21 0.614 0.609 0.003 0.004
28 0.622 0.611 0.003 0.004
20 0.615 0.605 0.003 0.004
25 0.604 0.595 0.003 0.004
32 0.609 0.584 0.003 0.004
31 0.606 0.591 0.003 0.004
30 0.608 0.596 0.003 0.004
27 0.611 0.599 0.003 0.004
31 0.616 0.601 0.003 0.004
32 0.620 0.603 0.003 0.004
32 0.619 0.598 0.003 0.004
27 0.618 0.592 0.003 0.004
27 0.615 0.585 0.003 0.004
31 0.630 0.624 0.003 0.004
20 0.630 0.619 0.003 0.004
27 0.630 0.615 0.003 0.004
29 0.631 0.610 0.003 0.004
30 0.631 0.605 0.003 0.004
26 0.632 0.599 0.003 0.004
24 0.632 0.595 0.003 0.004
26 0.632 0.589 0.003 0.004
26 0.632 0.584 0.003 0.004
29 0.636 0.599 0.003 0.004
26 0.641 0.601 0.003 0.004
24 0.642 0.593 0.003 0.004
23 0.642 0.586 0.003 0.004
31 0.602 0.580 0.003 0.004
26 0.619 0.580 0.003 0.004
29 0.614 0.578 0.003 0.004
31 0.604 0.572 0.003 0.004
30 0.620 0.571 0.003 0.004
29 0.606 0.564 0.003 0.004
30 0.621 0.563 0.003 0.004
29 0.621 0.557 0.003 0.004
29 0.623 0.548 0.003 0.004
30 0.605 0.544 0.003 0.004
28 0.616 0.541 0.003 0.004
30 0.623 0.538 0.003 0.004
21 0.643 0.579 0.003 0.004
26 0.632 0.577 0.003 0.004
23 0.644 0.573 0.003 0.004
24 0.645 0.567 0.003 0.004
27 0.634 0.568 0.003 0.004
27 0.634 0.559 0.003 0.004
25 0.646 0.559 0.003 0.004
27 0.630 0.549 0.003 0.004
27 0.646 0.546 0.003 0.004
25 0.636 0.542 0.003 0.004
27 0.631 0.537 0.003 0.004
27 0.646 0.535 0.003 0.004
30 0.603 0.482 0.003 0.004
29 0.621 0.481 0.003 0.004
29 0.609 0.476 0.003 0.004
29 0.622 0.470 0.003 0.004
30 0.603 0.470 0.003 0.004
29 0.611 0.464 0.003 0.004
29 0.623 0.460 0.003 0.004
31 0.604 0.459 0.003 0.004
27 0.624 0.455 0.003 0.004
26 0.621 0.451 0.003 0.004
30 0.613 0.451 0.003 0.004
32 0.603 0.449 0.003 0.004
28 0.615 0.445 0.003 0.004
29 0.604 0.438 0.003 0.004
22 0.622 0.439 0.003 0.004
20 0.618 0.437 0.003 0.004
19 0.614 0.437 0.003 0.004
29 0.647 0.479 0.003 0.004
26 0.641 0.482 0.003 0.004
29 0.640 0.477 0.003 0.004
28 0.634 0.473 0.003 0.004
28 0.643 0.467 0.003 0.004
32 0.635 0.466 0.003 0.004
31 0.628 0.464 0.003 0.004
22 0.632 0.461 0.003 0.004
20 0.639 0.462 0.003 0.004
22 0.646 0.460 0.003 0.004
23 0.641 0.459 0.003 0.004
21 0.642 0.455 0.003 0.004
12 0.630 0.457 0.003 0.004
27 0.625 0.454 0.003 0.004
23 0.626 0.448 0.003 0.004
18 0.633 0.446 0.003 0.004
19 0.636 0.445 0.003 0.004
16 0.641 0.446 0.003 0.004
13 0.645 0.439 0.003 0.004
15 0.640 0.437 0.003 0.004
20 0.626 0.444 0.003 0.004
2 0.633 0.440 0.003 0.004
12 0.611 0.433 0.003 0.004
6 0.618 0.431 0.003 0.004
19 0.614 0.431 0.003 0.004
16 0.612 0.429 0.003 0.004
17 0.615 0.424 0.003 0.004
10 0.619 0.421 0.003 0.004
9 0.612 0.423 0.003 0.004
10 0.617 0.418 0.003 0.004
12 0.613 0.416 0.003 0.004
5 0.611 0.412 0.003 0.004
9 0.619 0.409 0.003 0.004
8 0.615 0.405 0.003 0.004
8 0.621 0.401 0.003 0.004
13 0.610 0.402 0.003 0.004
15 0.606 0.397 0.003 0.004
11 0.616 0.396 0.003 0.004
13 0.608 0.389 0.003 0.004
12 0.637 0.430 0.003 0.004
9 0.643 0.429 0.003 0.004
8 0.638 0.420 0.003 0.004
11 0.646 0.418 0.003 0.004
6 0.639 0.414 0.003 0.004
5 0.633 0.414 0.003 0.004
7 0.627 0.405 0.003 0.004
7 0.634 0.402 0.003 0.004
7 0.639 0.407 0.003 0.004
8 0.645 0.400 0.003 0.004
6 0.643 0.393 0.003 0.004
10 0.631 0.394 0.003 0.004
9 0.625 0.393 0.003 0.004
9 0.628 0.387 0.003 0.004
12 0.602 0.378 0.003 0.004
8 0.615 0.375 0.003 0.004
11 0.622 0.383 0.003 0.004
9 0.608 0.371 0.003 0.004
6 0.623 0.369 0.003 0.004
9 0.613 0.365 0.003 0.004
11 0.604 0.361 0.003 0.004
11 0.607 0.356 0.003 0.004
10 0.617 0.356 0.003 0.004
9 0.622 0.359 0.003 0.004
9 0.621 0.354 0.003 0.004
5 0.602 0.345 0.003 0.004
8 0.614 0.345 0.003 0.004
7 0.617 0.342 0.003 0.004
8 0.640 0.385 0.003 0.004
7 0.640 0.385 0.003 0.004
5 0.642 0.377 0.003 0.004
6 0.633 0.367 0.003 0.004
4 0.639 0.367 0.003 0.004
7 0.635 0.362 0.003 0.004
8 0.628 0.358 0.003 0.004
6 0.631 0.353 0.003 0.004
6 0.628 0.344 0.003 0.004
4 0.622 0.332 0.003 0.004
5 0.611 0.334 0.003 0.004
7 0.602 0.336 0.003 0.004
7 0.605 0.332 0.003 0.004
5 0.616 0.329 0.003 0.004
4 0.622 0.333 0.003 0.004
5 0.604 0.325 0.003 0.004
3 0.619 0.324 0.003 0.004
1 0.622 0.322 0.003 0.004
5 0.608 0.319 0.003 0.004
4 0.611 0.316 0.003 0.004
1 0.614 0.312 0.003 0.004
1 0.649 0.381 0.003 0.004
2 0.654 0.382 0.003 0.004
7 0.650 0.392 0.003 0.004
6 0.668 0.393 0.003 0.004
9 0.666 0.398 0.003 0.004
9 0.661 0.398 0.003 0.004
7 0.654 0.400 0.003 0.004
10 0.664 0.402 0.003 0.004
10 0.662 0.406 0.003 0.004
9 0.668 0.408 0.003 0.004
12 0.649 0.413 0.003 0.004
11 0.666 0.411 0.003 0.004
11 0.655 0.416 0.003 0.004
10 0.662 0.416 0.003 0.004
10 0.670 0.418 0.003 0.004
14 0.655 0.424 0.003 0.004
8 0.663 0.424 0.003 0.004
15 0.650 0.432 0.003 0.004
17 0.661 0.430 0.003 0.004
12 0.666 0.429 0.003 0.004
14 0.658 0.434 0.003 0.004
10 0.667 0.435 0.003 0.004
14 0.670 0.431 0.003 0.004
11 0.676 0.399 0.003 0.004
12 0.672 0.403 0.003 0.004
12 0.675 0.406 0.003 0.004
12 0.672 0.412 0.003 0.004
12 0.678 0.430 0.003 0.004
11 0.681 0.424 0.003 0.004
11 0.685 0.419 0.003 0.004
12 0.687 0.414 0.003 0.004
12 0.689 0.417 0.003 0.004
12 0.692 0.417 0.003 0.004
9 0.691 0.423 0.003 0.004
9 0.683 0.428 0.003 0.004
9 0.689 0.430 0.003 0.004
9 0.686 0.435 0.003 0.004
10 0.693 0.432 0.003 0.004
17 0.654 0.440 0.003 0.004
9 0.663 0.439 0.003 0.004
18 0.651 0.445 0.003 0.004
17 0.664 0.445 0.003 0.004
16 0.660 0.447 0.003 0.004
17 0.653 0.450 0.003 0.004
13 0.666 0.450 0.003 0.004
16 0.662 0.453 0.003 0.004
19 0.650 0.455 0.003 0.004
21 0.655 0.455 0.003 0.004
19 0.655 0.455 0.003 0.004
19 0.662 0.461 0.003 0.004
17 0.670 0.458 0.003 0.004
5 0.667 0.460 0.003 0.004
8 0.665 0.462 0.003 0.004
10 0.650 0.465 0.003 0.004
9 0.655 0.464 0.003 0.004
5 0.653 0.468 0.003 0.004
8 0.649 0.475 0.003 0.004
17 0.668 0.466 0.003 0.004
18 0.670 0.469 0.003 0.004
16 0.658 0.470 0.003 0.004
20 0.663 0.471 0.003 0.004
20 0.655 0.477 0.003 0.004
22 0.661 0.478 0.003 0.004
21 0.666 0.476 0.003 0.004
16 0.668 0.478 0.003 0.004
19 0.668 0.483 0.003 0.004
10 0.662 0.484 0.003 0.004
25 0.655 0.481 0.003 0.004
13 0.672 0.437 0.003 0.004
9 0.672 0.437 0.003 0.004
11 0.680 0.441 0.003 0.004
11 0.685 0.441 0.003 0.004
14 0.690 0.440 0.003 0.004
14 0.673 0.444 0.003 0.004
1 0.674 0.448 0.003 0.004
8 0.681 0.447 0.003 0.004
12 0.678 0.448 0.003 0.004
11 0.687 0.448 0.003 0.004
11 0.691 0.452 0.003 0.004
6 0.683 0.453 0.003 0.004
15 0.678 0.454 0.003 0.004
1 0.675 0.458 0.003 0.004
6 0.674 0.459 0.003 0.004
8 0.689 0.462 0.003 0.004
16 0.675 0.465 0.003 0.004
16 0.685 0.466 0.003 0.004
17 0.677 0.472 0.003 0.004
17 0.681 0.472 0.003 0.004
20 0.673 0.475 0.003 0.004
15 0.693 0.475 0.003 0.004
12 0.674 0.480 0.003 0.004
16 0.680 0.478 0.003 0.004
6 0.682 0.479 0.003 0.004
7 0.677 0.483 0.003 0.004
11 0.681 0.483 0.003 0.004
12 0.685 0.483 0.003 0.004
26 0.650 0.488 0.003 0.004
24 0.655 0.486 0.003 0.004
6 0.667 0.487 0.003 0.004
7 0.664 0.490 0.003 0.004
5 0.668 0.493 0.003 0.004
19 0.664 0.496 0.003 0.004
16 0.667 0.498 0.003 0.004
26 0.651 0.488 0.003 0.004
25 0.656 0.496 0.003 0.004
25 0.661 0.498 0.003 0.004
25 0.670 0.499 0.003 0.004
25 0.655 0.502 0.003 0.004
26 0.660 0.503 0.003 0.004
25 0.664 0.502 0.003 0.004
27 0.668 0.506 0.003 0.004
26 0.660 0.508 0.003 0.004
26 0.664 0.511 0.003 0.004
26 0.652 0.514 0.003 0.004
26 0.657 0.520 0.003 0.004
28 0.663 0.520 0.003 0.004
27 0.664 0.526 0.003 0.004
26 0.650 0.527 0.003 0.004
26 0.656 0.531 0.003 0.004
16 0.682 0.486 0.003 0.004
9 0.688 0.486 0.003 0.004
14 0.679 0.488 0.003 0.004
10 0.681 0.490 0.003 0.004
7 0.685 0.490 0.003 0.004
23 0.680 0.495 0.003 0.004
14 0.682 0.495 0.003 0.004
12 0.687 0.497 0.003 0.004
15 0.692 0.497 0.003 0.004
25 0.676 0.501 0.003 0.004
25 0.682 0.503 0.003 0.004
25 0.689 0.503 0.003 0.004
25 0.684 0.509 0.003 0.004
25 0.676 0.510 0.003 0.004
22 0.693 0.512 0.003 0.004
26 0.677 0.513 0.003 0.004
22 0.693 0.512 0.003 0.004
25 0.678 0.519 0.003 0.004
24 0.691 0.520 0.003 0.004
26 0.691 0.520 0.003 0.004
23 0.693 0.524 0.003 0.004
26 0.678 0.532 0.003 0.004
26 0.653 0.544 0.003 0.004
26 0.652 0.552 0.003 0.004
26 0.657 0.556 0.003 0.004
24 0.658 0.563 0.003 0.004
22 0.660 0.572 0.003 0.004
27 0.669 0.540 0.003 0.004
26 0.671 0.545 0.003 0.004
26 0.679 0.538 0.003 0.004
26 0.679 0.544 0.003 0.004
26 0.674 0.550 0.003 0.004
24 0.680 0.556 0.003 0.004
23 0.692 0.557 0.003 0.004
23 0.680 0.563 0.003 0.004
23 0.688 0.566 0.003 0.004
23 0.680 0.574 0.003 0.004
23 0.686 0.572 0.003 0.004
23 0.683 0.577 0.003 0.004
22 0.662 0.582 0.003 0.004
22 0.662 0.589 0.003 0.004
23 0.664 0.594 0.003 0.004
24 0.665 0.601 0.003 0.004
25 0.666 0.604 0.003 0.004
28 0.669 0.610 0.003 0.004
27 0.649 0.600 0.003 0.004
29 0.649 0.608 0.003 0.004
30 0.651 0.617 0.003 0.004
29 0.666 0.617 0.003 0.004
30 0.664 0.622 0.003 0.004
30 0.661 0.627 0.003 0.004
28 0.671 0.624 0.003 0.004
27 0.672 0.605 0.003 0.004
26 0.675 0.599 0.003 0.004
24 0.677 0.592 0.003 0.004
23 0.680 0.585 0.003 0.004
24 0.689 0.584 0.003 0.004
25 0.690 0.591 0.003 0.004
26 0.692 0.597 0.003 0.004
25 0.693 0.602 0.003 0.004
35 0.653 0.633 0.003 0.004
34 0.659 0.633 0.003 0.004
36 0.656 0.639 0.003 0.004
40 0.656 0.649 0.003 0.004
41 0.651 0.651 0.003 0.004
39 0.649 0.657 0.003 0.004
45 0.656 0.666 0.003 0.004
35 0.673 0.635 0.003 0.004
31 0.676 0.647 0.003 0.004
35 0.678 0.658 0.003 0.004
39 0.681 0.672 0.003 0.004
50 0.657 0.683 0.003 0.004
58 0.660 0.705 0.003 0.004
59 0.648 0.712 0.003 0.004
60 0.651 0.721 0.003 0.004
59 0.662 0.724 0.003 0.004
40 0.683 0.683 0.003 0.004
48 0.686 0.693 0.003 0.004
51 0.688 0.704 0.003 0.004
53 0.691 0.717 0.003 0.004
55 0.693 0.726 0.003 0.004
60 0.653 0.732 0.003 0.004
60 0.654 0.741 0.003 0.004
57 0.663 0.743 0.003 0.004
53 0.654 0.763 0.003 0.004
50 0.665 0.762 0.003 0.004
51 0.651 0.778 0.003 0.004
47 0.666 0.781 0.003 0.004
48 0.663 0.793 0.003 0.004
43 0.669 0.798 0.003 0.004
44 0.669 0.808 0.003 0.004
44 0.670 0.816 0.003 0.004
40 0.679 0.799 0.003 0.004
38 0.685 0.805 0.003 0.004
39 0.686 0.799 0.003 0.004
38 0.688 0.790 0.003 0.004
40 0.692 0.787 0.003 0.004
37 0.692 0.800 0.003 0.004
16 0.692 0.794 0.003 0.004
38 0.694 0.790 0.003 0.004
46 0.651 0.866 0.003 0.004
46 0.658 0.871 0.003 0.004
44 0.671 0.826 0.003 0.004
45 0.672 0.837 0.003 0.004
48 0.673 0.848 0.003 0.004
47 0.673 0.858 0.003 0.004
50 0.675 0.868 0.003 0.004
59 0.686 0.868 0.003 0.004
59 0.689 0.860 0.003 0.004
53 0.691 0.851 0.003 0.004
12 0.694 0.420 0.003 0.004
9 0.697 0.421 0.003 0.004
11 0.696 0.424 0.003 0.004
15 0.694 0.428 0.003 0.004
15 0.696 0.435 0.003 0.004
17 0.705 0.433 0.003 0.004
3 0.708 0.434 0.003 0.004
16 0.710 0.431 0.003 0.004
6 0.714 0.430 0.003 0.004
22 0.714 0.434 0.003 0.004
6 0.718 0.429 0.003 0.004
17 0.718 0.434 0.003 0.004
2 0.721 0.422 0.003 0.004
7 0.723 0.426 0.003 0.004
3 0.724 0.432 0.003 0.004
11 0.728 0.429 0.003 0.004
7 0.728 0.433 0.003 0.004
6 0.730 0.421 0.003 0.004
9 0.732 0.435 0.003 0.004
13 0.734 0.433 0.003 0.004
14 0.735 0.429 0.003 0.004
10 0.735 0.424 0.003 0.004
4 0.737 0.417 0.003 0.004
4 0.739 0.416 0.003 0.004
7 0.739 0.420 0.003 0.004
9 0.740 0.423 0.003 0.004
12 0.740 0.429 0.003 0.004
18 0.700 0.439 0.003 0.004
20 0.710 0.438 0.003 0.004
28 0.715 0.440 0.003 0.004
29 0.711 0.442 0.003 0.004
21 0.715 0.445 0.003 0.004
17 0.712 0.448 0.003 0.004
15 0.700 0.450 0.003 0.004
15 0.709 0.451 0.003 0.004
11 0.716 0.451 0.003 0.004
11 0.700 0.456 0.003 0.004
11 0.717 0.457 0.003 0.004
12 0.717 0.464 0.003 0.004
5 0.696 0.465 0.003 0.004
8 0.708 0.458 0.003 0.004
6 0.712 0.455 0.003 0.004
5 0.705 0.465 0.003 0.004
9 0.698 0.468 0.003 0.004
7 0.711 0.469 0.003 0.004
7 0.713 0.465 0.003 0.004
12 0.700 0.473 0.003 0.004
11 0.706 0.474 0.003 0.004
7 0.715 0.475 0.003 0.004
9 0.700 0.480 0.003 0.004
9 0.717 0.479 0.003 0.004
9 0.715 0.483 0.003 0.004
16 0.721 0.439 0.003 0.004
14 0.728 0.440 0.003 0.004
12 0.733 0.439 0.003 0.004
12 0.735 0.442 0.003 0.004
15 0.719 0.446 0.003 0.004
10 0.722 0.450 0.003 0.004
7 0.721 0.455 0.003 0.004
7 0.720 0.461 0.003 0.004
14 0.726 0.457 0.003 0.004
19 0.738 0.457 0.003 0.004
13 0.731 0.459 0.003 0.004
11 0.727 0.463 0.003 0.004
10 0.720 0.466 0.003 0.004
15 0.732 0.465 0.003 0.004
17 0.737 0.464 0.003 0.004
10 0.720 0.471 0.003 0.004
13 0.730 0.471 0.003 0.004
13 0.735 0.468 0.003 0.004
14 0.739 0.471 0.003 0.004
8 0.719 0.475 0.003 0.004
11 0.724 0.477 0.003 0.004
11 0.727 0.475 0.003 0.004
12 0.733 0.474 0.003 0.004
12 0.737 0.478 0.003 0.004
12 0.740 0.480 0.003 0.004
10 0.725 0.481 0.003 0.004
9 0.721 0.484 0.003 0.004
13 0.732 0.480 0.003 0.004
13 0.735 0.483 0.003 0.004
5 0.702 0.485 0.003 0.004
5 0.707 0.485 0.003 0.004
7 0.695 0.487 0.003 0.004
7 0.711 0.489 0.003 0.004
8 0.699 0.493 0.003 0.004
8 0.709 0.492 0.003 0.004
14 0.707 0.499 0.003 0.004
10 0.713 0.496 0.003 0.004
16 0.716 0.502 0.003 0.004
24 0.697 0.507 0.003 0.004
21 0.712 0.509 0.003 0.004
23 0.702 0.514 0.003 0.004
22 0.711 0.513 0.003 0.004
22 0.697 0.516 0.003 0.004
21 0.710 0.520 0.003 0.004
21 0.705 0.527 0.003 0.004
22 0.703 0.532 0.003 0.004
20 0.716 0.532 0.003 0.004
7 0.723 0.486 0.003 0.004
13 0.739 0.486 0.003 0.004
14 0.730 0.488 0.003 0.004
7 0.718 0.491 0.003 0.004
7 0.722 0.489 0.003 0.004
10 0.720 0.493 0.003 0.004
14 0.719 0.497 0.003 0.004
14 0.723 0.495 0.003 0.004
13 0.727 0.490 0.003 0.004
14 0.733 0.491 0.003 0.004
14 0.726 0.499 0.003 0.004
14 0.731 0.499 0.003 0.004
13 0.739 0.497 0.003 0.004
16 0.723 0.504 0.003 0.004
13 0.729 0.503 0.003 0.004
13 0.734 0.502 0.003 0.004
12 0.737 0.503 0.003 0.004
15 0.728 0.510 0.003 0.004
15 0.732 0.509 0.003 0.004
14 0.736 0.510 0.003 0.004
19 0.721 0.512 0.003 0.004
16 0.726 0.514 0.003 0.004
19 0.719 0.517 0.003 0.004
17 0.731 0.516 0.003 0.004
17 0.736 0.517 0.003 0.004
20 0.724 0.521 0.003 0.004
18 0.729 0.521 0.003 0.004
17 0.739 0.524 0.003 0.004
20 0.722 0.528 0.003 0.004
20 0.734 0.528 0.003 0.004
23 0.697 0.535 0.003 0.004
23 0.701 0.537 0.003 0.004
22 0.717 0.539 0.003 0.004
23 0.698 0.542 0.003 0.004
23 0.695 0.550 0.003 0.004
21 0.705 0.548 0.003 0.004
21 0.708 0.558 0.003 0.004
21 0.711 0.568 0.003 0.004
22 0.713 0.576 0.003 0.004
20 0.717 0.540 0.003 0.004
19 0.728 0.535 0.003 0.004
21 0.737 0.538 0.003 0.004
20 0.727 0.545 0.003 0.004
20 0.719 0.549 0.003 0.004
19 0.739 0.549 0.003 0.004
20 0.720 0.556 0.003 0.004
19 0.730 0.556 0.003 0.004
19 0.723 0.565 0.003 0.004
16 0.734 0.570 0.003 0.004
19 0.725 0.575 0.003 0.004
18 0.736 0.581 0.003 0.004
21 0.715 0.585 0.003 0.004
21 0.717 0.595 0.003 0.004
24 0.696 0.609 0.003 0.004
23 0.697 0.613 0.003 0.004
23 0.699 0.622 0.003 0.004
22 0.701 0.627 0.003 0.004
18 0.735 0.582 0.003 0.004
18 0.727 0.587 0.003 0.004
17 0.737 0.593 0.003 0.004
17 0.729 0.596 0.003 0.004
21 0.720 0.604 0.003 0.004
17 0.740 0.603 0.003 0.004
16 0.732 0.606 0.003 0.004
19 0.722 0.614 0.003 0.004
17 0.734 0.616 0.003 0.004
18 0.736 0.623 0.003 0.004
18 0.728 0.628 0.003 0.004
21 0.703 0.635 0.003 0.004
21 0.706 0.640 0.003 0.004
21 0.709 0.646 0.003 0.004
22 0.712 0.651 0.003 0.004
22 0.715 0.658 0.003 0.004
23 0.721 0.669 0.003 0.004
26 0.724 0.679 0.003 0.004
18 0.731 0.638 0.003 0.004
18 0.733 0.647 0.003 0.004
17 0.736 0.656 0.003 0.004
17 0.737 0.664 0.003 0.004
15 0.738 0.630 0.003 0.004
18 0.741 0.669 0.003 0.004
27 0.725 0.685 0.003 0.004
33 0.725 0.690 0.003 0.004
37 0.727 0.701 0.003 0.004
40 0.729 0.707 0.003 0.004
44 0.731 0.712 0.003 0.004
36 0.733 0.716 0.003 0.004
32 0.736 0.723 0.003 0.004
54 0.695 0.735 0.003 0.004
53 0.697 0.743 0.003 0.004
51 0.698 0.751 0.003 0.004
49 0.699 0.758 0.003 0.004
41 0.700 0.766 0.003 0.004
31 0.700 0.772 0.003 0.004
20 0.739 0.729 0.003 0.004
24 0.739 0.732 0.003 0.004
12 0.702 0.781 0.003 0.004
25 0.703 0.785 0.003 0.004
26 0.695 0.794 0.003 0.004
4 0.698 0.797 0.003 0.004
7 0.695 0.802 0.003 0.004
38 0.705 0.788 0.003 0.004
36 0.705 0.792 0.003 0.004
32 0.713 0.788 0.003 0.004
10 0.701 0.801 0.003 0.004
18 0.705 0.798 0.003 0.004
14 0.703 0.803 0.003 0.004
11 0.710 0.799 0.003 0.004
6 0.710 0.803 0.003 0.004
20 0.714 0.794 0.003 0.004
10 0.714 0.799 0.003 0.004
15 0.716 0.807 0.003 0.004
34 0.701 0.809 0.003 0.004
34 0.706 0.809 0.003 0.004
36 0.704 0.816 0.003 0.004
33 0.716 0.813 0.003 0.004
32 0.712 0.819 0.003 0.004
36 0.739 0.783 0.003 0.004
31 0.736 0.790 0.003 0.004
32 0.728 0.790 0.003 0.004
29 0.734 0.796 0.003 0.004
19 0.723 0.795 0.003 0.004
16 0.732 0.800 0.003 0.004
13 0.738 0.803 0.003 0.004
26 0.732 0.807 0.003 0.004
29 0.727 0.809 0.003 0.004
27 0.733 0.812 0.003 0.004
24 0.733 0.816 0.003 0.004
15 0.736 0.818 0.003 0.004
9 0.729 0.819 0.003 0.004
31 0.721 0.814 0.003 0.004
34 0.718 0.817 0.003 0.004
16 0.731 0.821 0.003 0.004
36 0.699 0.827 0.003 0.004
43 0.697 0.835 0.003 0.004
53 0.695 0.843 0.003 0.004
54 0.713 0.844 0.003 0.004
57 0.714 0.868 0.003 0.004
21 0.737 0.828 0.003 0.004
28 0.728 0.828 0.003 0.004
30 0.734 0.835 0.003 0.004
30 0.738 0.839 0.003 0.004
31 0.725 0.837 0.003 0.004
38 0.722 0.839 0.003 0.004
57 0.725 0.849 0.003 0.004
45 0.736 0.851 0.003 0.004
63 0.723 0.857 0.003 0.004
54 0.719 0.867 0.003 0.004
66 0.735 0.861 0.003 0.004
66 0.734 0.868 0.003 0.004
59 0.745 0.863 0.003 0.004
65 0.755 0.867 0.003 0.004
46 0.763 0.862 0.003 0.004
48 0.756 0.861 0.003 0.004
48 0.752 0.855 0.003 0.004
31 0.763 0.855 0.003 0.004
29 0.756 0.850 0.003 0.004
4 0.759 0.843 0.003 0.004
28 0.752 0.843 0.003 0.004
22 0.762 0.837 0.003 0.004
13 0.755 0.836 0.003 0.004
26 0.750 0.835 0.003 0.004
19 0.756 0.832 0.003 0.004
22 0.746 0.832 0.003 0.004
28 0.749 0.829 0.003 0.004
9 0.760 0.828 0.003 0.004
20 0.753 0.825 0.003 0.004
32 0.748 0.824 0.003 0.004
17 0.764 0.830 0.003 0.004
18 0.766 0.844 0.003 0.004
60 0.768 0.870 0.003 0.004
68 0.775 0.869 0.003 0.004
47 0.781 0.867 0.003 0.004
30 0.783 0.860 0.003 0.004
35 0.777 0.862 0.003 0.004
41 0.770 0.860 0.003 0.004
6 0.786 0.852 0.003 0.004
13 0.780 0.853 0.003 0.004
8 0.769 0.853 0.003 0.004
19 0.780 0.845 0.003 0.004
16 0.772 0.845 0.003 0.004
16 0.786 0.831 0.003 0.004
15 0.780 0.833 0.003 0.004
16 0.776 0.832 0.003 0.004
16 0.770 0.836 0.003 0.004
10 0.770 0.830 0.003 0.004
20 0.767 0.823 0.003 0.004
24 0.784 0.823 0.003 0.004
19 0.756 0.821 0.003 0.004
28 0.741 0.821 0.003 0.004
26 0.749 0.819 0.003 0.004
18 0.763 0.818 0.003 0.004
29 0.753 0.817 0.003 0.004
19 0.744 0.816 0.003 0.004
19 0.743 0.811 0.003 0.004
22 0.749 0.809 0.003 0.004
28 0.758 0.807 0.003 0.004
29 0.749 0.803 0.003 0.004
31 0.760 0.802 0.003 0.004
27 0.741 0.799 0.003 0.004
33 0.751 0.796 0.003 0.004
30 0.746 0.794 0.003 0.004
38 0.754 0.787 0.003 0.004
38 0.760 0.784 0.003 0.004
36 0.745 0.778 0.003 0.004
26 0.771 0.817 0.003 0.004
29 0.776 0.817 0.003 0.004
27 0.768 0.812 0.003 0.004
35 0.777 0.803 0.003 0.004
34 0.781 0.795 0.003 0.004
35 0.768 0.794 0.003 0.004
35 0.772 0.788 0.003 0.004
39 0.777 0.782 0.003 0.004
40 0.764 0.776 0.003 0.004
35 0.750 0.773 0.003 0.004
37 0.756 0.770 0.003 0.004
46 0.761 0.767 0.003 0.004
39 0.753 0.764 0.003 0.004
45 0.746 0.753 0.003 0.004
35 0.759 0.747 0.003 0.004
44 0.745 0.747 0.003 0.004
44 0.743 0.742 0.003 0.004
29 0.757 0.742 0.003 0.004
27 0.741 0.737 0.003 0.004
24 0.740 0.732 0.003 0.004
32 0.760 0.736 0.003 0.004
31 0.755 0.730 0.003 0.004
35 0.782 0.773 0.003 0.004
41 0.773 0.771 0.003 0.004
29 0.778 0.767 0.003 0.004
41 0.769 0.763 0.003 0.004
15 0.779 0.762 0.003 0.004
16 0.772 0.758 0.003 0.004
14 0.777 0.758 0.003 0.004
7 0.773 0.750 0.003 0.004
6 0.770 0.745 0.003 0.004
29 0.767 0.742 0.003 0.004
6 0.778 0.739 0.003 0.004
24 0.773 0.733 0.003 0.004
14 0.777 0.727 0.003 0.004
34 0.753 0.725 0.003 0.004
35 0.748 0.723 0.003 0.004
35 0.752 0.717 0.003 0.004
37 0.744 0.718 0.003 0.004
32 0.751 0.711 0.003 0.004
16 0.763 0.703 0.003 0.004
32 0.749 0.704 0.003 0.004
20 0.760 0.696 0.003 0.004
30 0.746 0.697 0.003 0.004
19 0.762 0.691 0.003 0.004
19 0.757 0.689 0.003 0.004
27 0.744 0.691 0.003 0.004
22 0.743 0.684 0.003 0.004
16 0.755 0.680 0.003 0.004
4 0.780 0.724 0.003 0.004
29 0.771 0.724 0.003 0.004
24 0.775 0.723 0.003 0.004
21 0.767 0.720 0.003 0.004
10 0.772 0.720 0.003 0.004
6 0.778 0.719 0.003 0.004
4 0.782 0.720 0.003 0.004
6 0.770 0.717 0.003 0.004
7 0.776 0.715 0.003 0.004
13 0.781 0.716 0.003 0.004
16 0.769 0.711 0.003 0.004
2 0.781 0.707 0.003 0.004
17 0.775 0.707 0.003 0.004
14 0.784 0.703 0.003 0.004
15 0.774 0.700 0.003 0.004
10 0.780 0.697 0.003 0.004
12 0.780 0.690 0.003 0.004
9 0.786 0.688 0.003 0.004
11 0.785 0.681 0.003 0.004
14 0.774 0.685 0.003 0.004
13 0.758 0.676 0.003 0.004
18 0.743 0.677 0.003 0.004
18 0.740 0.669 0.003 0.004
14 0.753 0.672 0.003 0.004
15 0.757 0.669 0.003 0.004
14 0.750 0.665 0.003 0.004
14 0.755 0.662 0.003 0.004
14 0.752 0.654 0.003 0.004
14 0.746 0.656 0.003 0.004
16 0.745 0.646 0.003 0.004
16 0.750 0.644 0.003 0.004
16 0.741 0.638 0.003 0.004
16 0.747 0.636 0.003 0.004
16 0.745 0.629 0.003 0.004
15 0.784 0.673 0.003 0.004
14 0.782 0.667 0.003 0.004
14 0.780 0.659 0.003 0.004
15 0.779 0.652 0.003 0.004
16 0.778 0.645 0.003 0.004
15 0.777 0.637 0.003 0.004
16 0.744 0.621 0.003 0.004
16 0.742 0.611 0.003 0.004
17 0.740 0.603 0.003 0.004
15 0.774 0.628 0.003 0.004
15 0.773 0.622 0.003 0.004
13 0.771 0.614 0.003 0.004
14 0.767 0.600 0.003 0.004
14 0.765 0.591 0.003 0.004
14 0.764 0.583 0.003 0.004
11 0.786 0.591 0.003 0.004
11 0.783 0.582 0.003 0.004
14 0.762 0.576 0.003 0.004
14 0.761 0.568 0.003 0.004
14 0.759 0.561 0.003 0.004
19 0.744 0.562 0.003 0.004
14 0.756 0.554 0.003 0.004
18 0.745 0.551 0.003 0.004
17 0.762 0.549 0.003 0.004
16 0.755 0.546 0.003 0.004
18 0.745 0.551 0.003 0.004
19 0.745 0.541 0.003 0.004
15 0.753 0.540 0.003 0.004
18 0.760 0.539 0.003 0.004
17 0.744 0.534 0.003 0.004
17 0.751 0.534 0.003 0.004
16 0.762 0.534 0.003 0.004
11 0.782 0.574 0.003 0.004
11 0.779 0.565 0.003 0.004
11 0.777 0.557 0.003 0.004
10 0.776 0.550 0.003 0.004
12 0.773 0.541 0.003 0.004
18 0.756 0.532 0.003 0.004
6 0.761 0.527 0.003 0.004
18 0.755 0.527 0.003 0.004
17 0.760 0.523 0.003 0.004
17 0.753 0.522 0.003 0.004
17 0.748 0.523 0.003 0.004
17 0.744 0.521 0.003 0.004
16 0.741 0.519 0.003 0.004
16 0.746 0.516 0.003 0.004
17 0.752 0.515 0.003 0.004
13 0.758 0.513 0.003 0.004
12 0.762 0.510 0.003 0.004
10 0.759 0.510 0.003 0.004
11 0.754 0.511 0.003 0.004
15 0.741 0.514 0.003 0.004
13 0.749 0.509 0.003 0.004
9 0.743 0.510 0.003 0.004
9 0.744 0.502 0.003 0.004
9 0.748 0.504 0.003 0.004
12 0.741 0.501 0.003 0.004
6 0.755 0.502 0.003 0.004
14 0.748 0.499 0.003 0.004
11 0.759 0.497 0.003 0.004
13 0.745 0.494 0.003 0.004
12 0.754 0.494 0.003 0.004
13 0.741 0.490 0.003 0.004
13 0.747 0.488 0.003 0.004
10 0.761 0.491 0.003 0.004
11 0.742 0.485 0.003 0.004
12 0.752 0.485 0.003 0.004
12 0.757 0.486 0.003 0.004
12 0.763 0.485 0.003 0.004
13 0.765 0.515 0.003 0.004
11 0.765 0.491 0.003 0.004
14 0.769 0.532 0.003 0.004
12 0.771 0.524 0.003 0.004
12 0.776 0.524 0.003 0.004
15 0.768 0.520 0.003 0.004
9 0.772 0.513 0.003 0.004
7 0.775 0.515 0.003 0.004
15 0.771 0.507 0.003 0.004
16 0.775 0.504 0.003 0.004
8 0.773 0.497 0.003 0.004
8 0.766 0.496 0.003 0.004
10 0.773 0.486 0.003 0.004
12 0.748 0.482 0.003 0.004
11 0.743 0.481 0.003 0.004
11 0.761 0.477 0.003 0.004
11 0.749 0.476 0.003 0.004
12 0.744 0.476 0.003 0.004
12 0.741 0.474 0.003 0.004
10 0.754 0.474 0.003 0.004
11 0.758 0.468 0.003 0.004
11 0.754 0.458 0.003 0.004
18 0.746 0.455 0.003 0.004
15 0.749 0.457 0.003 0.004
15 0.745 0.461 0.003 0.004
15 0.741 0.463 0.003 0.004
12 0.746 0.464 0.003 0.004
13 0.743 0.468 0.003 0.004
12 0.746 0.470 0.003 0.004
20 0.741 0.453 0.003 0.004
20 0.745 0.451 0.003 0.004
15 0.752 0.451 0.003 0.004
19 0.741 0.449 0.003 0.004
22 0.745 0.447 0.003 0.004
12 0.754 0.449 0.003 0.004
17 0.741 0.439 0.003 0.004
18 0.743 0.443 0.003 0.004
21 0.744 0.439 0.003 0.004
29 0.750 0.440 0.003 0.004
20 0.753 0.444 0.003 0.004
28 0.754 0.439 0.003 0.004
15 0.756 0.442 0.003 0.004
13 0.759 0.439 0.003 0.004
10 0.771 0.480 0.003 0.004
9 0.770 0.472 0.003 0.004
2 0.784 0.469 0.003 0.004
9 0.769 0.461 0.003 0.004
3 0.781 0.458 0.003 0.004
10 0.769 0.455 0.003 0.004
7 0.777 0.451 0.003 0.004
3 0.785 0.450 0.003 0.004
12 0.768 0.448 0.003 0.004
4 0.783 0.439 0.003 0.004
6 0.773 0.443 0.003 0.004
6 0.767 0.441 0.003 0.004
3 0.768 0.436 0.003 0.004
30 0.603 0.494 0.003 0.004
30 0.603 0.506 0.003 0.004
30 0.608 0.486 0.003 0.004
29 0.608 0.501 0.003 0.004
29 0.608 0.514 0.003 0.004
27 0.620 0.489 0.003 0.004
28 0.620 0.499 0.003 0.004
28 0.620 0.510 0.003 0.004
29 0.617 0.526 0.003 0.004
30 0.626 0.523 0.003 0.004
27 0.632 0.523 0.003 0.004
26 0.638 0.526 0.003 0.004
28 0.645 0.525 0.003 0.004
29 0.627 0.516 0.003 0.004
26 0.639 0.517 0.003 0.004
28 0.644 0.517 0.003 0.004
26 0.632 0.509 0.003 0.004
27 0.643 0.508 0.003 0.004
28 0.629 0.499 0.003 0.004
26 0.634 0.498 0.003 0.004
26 0.644 0.500 0.003 0.004
25 0.643 0.493 0.003 0.004
25 0.633 0.485 0.003 0.004
31 0.611 0.566 0.003 0.004
33 0.493 0.482 0.003 0.004
33 0.496 0.467 0.003 0.004
36 0.496 0.460 0.003 0.004
32 0.498 0.451 0.003 0.004
34 0.499 0.443 0.003 0.004
41 0.503 0.426 0.003 0.004
13 0.741 0.433 0.003 0.004
22 0.745 0.434 0.003 0.004
27 0.749 0.434 0.003 0.004
33 0.753 0.433 0.003 0.004
31 0.758 0.433 0.003 0.004
22 0.746 0.429 0.003 0.004
15 0.744 0.426 0.003 0.004
7 0.742 0.422 0.003 0.004
6 0.742 0.418 0.003 0.004
24 0.749 0.425 0.003 0.004
10 0.751 0.417 0.003 0.004
32 0.751 0.428 0.003 0.004
20 0.753 0.421 0.003 0.004
29 0.754 0.426 0.003 0.004
14 0.756 0.415 0.003 0.004
34 0.757 0.420 0.003 0.004
36 0.758 0.423 0.003 0.004
39 0.758 0.428 0.003 0.004
13 0.759 0.412 0.003 0.004
38 0.760 0.415 0.003 0.004
11 0.759 0.405 0.003 0.004
18 0.762 0.404 0.003 0.004
40 0.762 0.412 0.003 0.004
39 0.763 0.416 0.003 0.004
40 0.761 0.420 0.003 0.004
10 0.764 0.400 0.003 0.004
26 0.764 0.424 0.003 0.004
18 0.766 0.428 0.003 0.004
8 0.782 0.428 0.003 0.004
3 0.776 0.425 0.003 0.004
3 0.780 0.419 0.003 0.004
2 0.773 0.420 0.003 0.004
26 0.770 0.415 0.003 0.004
8 0.778 0.412 0.003 0.004
3 0.782 0.410 0.003 0.004
7 0.783 0.404 0.003 0.004
9 0.783 0.399 0.003 0.004
7 0.784 0.392 0.003 0.004
18 0.776 0.403 0.003 0.004
13 0.779 0.398 0.003 0.004
20 0.777 0.393 0.003 0.004
26 0.771 0.415 0.003 0.004
31 0.769 0.412 0.003 0.004
49 0.769 0.408 0.003 0.004
38 0.768 0.404 0.003 0.004
35 0.771 0.397 0.003 0.004
33 0.773 0.390 0.003 0.004
11 0.767 0.392 0.003 0.004
6 0.769 0.384 0.003 0.004
29 0.776 0.386 0.003 0.004
18 0.781 0.386 0.003 0.004
34 0.780 0.381 0.003 0.004
15 0.775 0.380 0.003 0.004
31 0.784 0.377 0.003 0.004
12 0.781 0.373 0.003 0.004
5 0.779 0.370 0.003 0.004
4 0.783 0.367 0.003 0.004
31 0.786 0.374 0.003 0.004
2 0.803 0.357 0.003 0.004
11 0.805 0.360 0.003 0.004
6 0.799 0.362 0.003 0.004
9 0.795 0.363 0.003 0.004
20 0.792 0.365 0.003 0.004
31 0.787 0.374 0.003 0.004
33 0.789 0.371 0.003 0.004
34 0.793 0.369 0.003 0.004
41 0.801 0.369 0.003 0.004
45 0.806 0.367 0.003 0.004
21 0.793 0.374 0.003 0.004
15 0.797 0.376 0.003 0.004
22 0.806 0.374 0.003 0.004
14 0.787 0.383 0.003 0.004
12 0.791 0.384 0.003 0.004
11 0.796 0.386 0.003 0.004
18 0.807 0.380 0.003 0.004
3 0.810 0.356 0.003 0.004
10 0.810 0.360 0.003 0.004
4 0.814 0.358 0.003 0.004
12 0.816 0.360 0.003 0.004
2 0.820 0.358 0.003 0.004
9 0.822 0.356 0.003 0.004
1 0.825 0.350 0.003 0.004
9 0.823 0.356 0.003 0.004
10 0.826 0.352 0.003 0.004
4 0.828 0.347 0.003 0.004
5 0.830 0.342 0.003 0.004
7 0.827 0.356 0.003 0.004
23 0.826 0.362 0.003 0.004
18 0.829 0.360 0.003 0.004
18 0.832 0.358 0.003 0.004
26 0.823 0.359 0.003 0.004
44 0.814 0.367 0.003 0.004
42 0.819 0.365 0.003 0.004
28 0.822 0.369 0.003 0.004
52 0.831 0.365 0.003 0.004
39 0.827 0.368 0.003 0.004
25 0.810 0.374 0.003 0.004
22 0.818 0.374 0.003 0.004
12 0.824 0.376 0.003 0.004
6 0.830 0.373 0.003 0.004
14 0.816 0.384 0.003 0.004
1 0.819 0.385 0.003 0.004
1 0.825 0.380 0.003 0.004
3 0.828 0.383 0.003 0.004
3 0.828 0.383 0.003 0.004
6 0.832 0.381 0.003 0.004
6 0.807 0.389 0.003 0.004
15 0.800 0.390 0.003 0.004
10 0.790 0.393 0.003 0.004
6 0.787 0.396 0.003 0.004
12 0.792 0.406 0.003 0.004
1 0.808 0.396 0.003 0.004
6 0.808 0.419 0.003 0.004
7 0.799 0.403 0.003 0.004
1 0.800 0.407 0.003 0.004
2 0.802 0.412 0.003 0.004
1 0.799 0.432 0.003 0.004
6 0.797 0.430 0.003 0.004
1 0.793 0.424 0.003 0.004
5 0.787 0.402 0.003 0.004
8 0.787 0.409 0.003 0.004
8 0.787 0.416 0.003 0.004
7 0.810 0.429 0.003 0.004
2 0.810 0.429 0.003 0.004
1 0.815 0.391 0.003 0.004
2 0.822 0.395 0.003 0.004
5 0.827 0.400 0.003 0.004
9 0.831 0.397 0.003 0.004
5 0.817 0.405 0.003 0.004
5 0.817 0.427 0.003 0.004
2 0.821 0.433 0.003 0.004
7 0.821 0.417 0.003 0.004
7 0.827 0.414 0.003 0.004
2 0.825 0.422 0.003 0.004
2 0.831 0.416 0.003 0.004
2 0.831 0.429 0.003 0.004
5 0.804 0.437 0.003 0.004
3 0.793 0.442 0.003 0.004
2 0.809 0.445 0.003 0.004
6 0.798 0.453 0.003 0.004
2 0.800 0.456 0.003 0.004
7 0.791 0.459 0.003 0.004
3 0.804 0.466 0.003 0.004
5 0.806 0.471 0.003 0.004
3 0.798 0.474 0.003 0.004
7 0.791 0.474 0.003 0.004
8 0.788 0.480 0.003 0.004
9 0.796 0.483 0.003 0.004
3 0.808 0.478 0.003 0.004
3 0.816 0.437 0.003 0.004
6 0.827 0.441 0.003 0.004
5 0.816 0.450 0.003 0.004
7 0.821 0.448 0.003 0.004
5 0.832 0.447 0.003 0.004
6 0.821 0.457 0.003 0.004
11 0.828 0.464 0.003 0.004
11 0.831 0.469 0.003 0.004
4 0.793 0.492 0.003 0.004
6 0.804 0.488 0.003 0.004
10 0.802 0.496 0.003 0.004
2 0.797 0.502 0.003 0.004
8 0.806 0.510 0.003 0.004
4 0.801 0.513 0.003 0.004
6 0.805 0.524 0.003 0.004
7 0.812 0.485 0.003 0.004
10 0.815 0.490 0.003 0.004
5 0.811 0.502 0.003 0.004
5 0.820 0.499 0.003 0.004
4 0.813 0.506 0.003 0.004
5 0.816 0.510 0.003 0.004
11 0.824 0.510 0.003 0.004
9 0.820 0.521 0.003 0.004
7 0.830 0.522 0.003 0.004
8 0.823 0.525 0.003 0.004
10 0.830 0.532 0.003 0.004
7 0.808 0.534 0.003 0.004
9 0.825 0.534 0.003 0.004
10 0.818 0.536 0.003 0.004
3 0.832 0.537 0.003 0.004
6 0.812 0.541 0.003 0.004
9 0.820 0.545 0.003 0.004
6 0.814 0.549 0.003 0.004
7 0.827 0.548 0.003 0.004
9 0.823 0.553 0.003 0.004
6 0.817 0.557 0.003 0.004
8 0.825 0.559 0.003 0.004
8 0.830 0.558 0.003 0.004
7 0.819 0.565 0.003 0.004
10 0.828 0.567 0.003 0.004
7 0.822 0.573 0.003 0.004
11 0.830 0.574 0.003 0.004
9 0.823 0.579 0.003 0.004
13 0.788 0.597 0.003 0.004
13 0.791 0.605 0.003 0.004
13 0.793 0.616 0.003 0.004
14 0.794 0.624 0.003 0.004
11 0.827 0.588 0.003 0.004
10 0.830 0.597 0.003 0.004
16 0.797 0.631 0.003 0.004
15 0.799 0.640 0.003 0.004
16 0.802 0.646 0.003 0.004
16 0.808 0.648 0.003 0.004
13 0.809 0.653 0.003 0.004
15 0.804 0.654 0.003 0.004
15 0.800 0.663 0.003 0.004
8 0.808 0.660 0.003 0.004
3 0.808 0.660 0.003 0.004
13 0.805 0.666 0.003 0.004
14 0.801 0.669 0.003 0.004
9 0.801 0.677 0.003 0.004
7 0.808 0.677 0.003 0.004
3 0.809 0.665 0.003 0.004
7 0.810 0.672 0.003 0.004
10 0.827 0.646 0.003 0.004
5 0.827 0.653 0.003 0.004
7 0.803 0.684 0.003 0.004
9 0.787 0.693 0.003 0.004
2 0.788 0.705 0.003 0.004
4 0.787 0.712 0.003 0.004
11 0.791 0.718 0.003 0.004
4 0.793 0.722 0.003 0.004
15 0.787 0.765 0.003 0.004
33 0.789 0.772 0.003 0.004
20 0.793 0.767 0.003 0.004
21 0.799 0.769 0.003 0.004
20 0.803 0.771 0.003 0.004
14 0.805 0.765 0.003 0.004
25 0.801 0.776 0.003 0.004
31 0.793 0.779 0.003 0.004
32 0.789 0.784 0.003 0.004
27 0.799 0.781 0.003 0.004
31 0.796 0.787 0.003 0.004
34 0.795 0.797 0.003 0.004
32 0.802 0.797 0.003 0.004
30 0.787 0.814 0.003 0.004
34 0.793 0.808 0.003 0.004
34 0.807 0.802 0.003 0.004
32 0.803 0.810 0.003 0.004
30 0.807 0.809 0.003 0.004
26 0.791 0.820 0.003 0.004
29 0.797 0.821 0.003 0.004
28 0.803 0.821 0.003 0.004
11 0.824 0.777 0.003 0.004
20 0.817 0.781 0.003 0.004
19 0.823 0.783 0.003 0.004
24 0.816 0.787 0.003 0.004
14 0.822 0.792 0.003 0.004
20 0.832 0.792 0.003 0.004
24 0.828 0.802 0.003 0.004
28 0.813 0.792 0.003 0.004
28 0.822 0.801 0.003 0.004
28 0.821 0.808 0.003 0.004
29 0.828 0.808 0.003 0.004
30 0.832 0.810 0.003 0.004
25 0.810 0.813 0.003 0.004
30 0.820 0.815 0.003 0.004
29 0.826 0.814 0.003 0.004
27 0.812 0.821 0.003 0.004
28 0.825 0.819 0.003 0.004
20 0.819 0.822 0.003 0.004
25 0.830 0.821 0.003 0.004
27 0.802 0.828 0.003 0.004
21 0.797 0.830 0.003 0.004
17 0.794 0.834 0.003 0.004
15 0.799 0.837 0.003 0.004
16 0.792 0.840 0.003 0.004
15 0.805 0.839 0.003 0.004
10 0.789 0.846 0.003 0.004
6 0.794 0.849 0.003 0.004
7 0.801 0.848 0.003 0.004
7 0.792 0.853 0.003 0.004
12 0.799 0.852 0.003 0.004
12 0.808 0.853 0.003 0.004
23 0.800 0.857 0.003 0.004
23 0.808 0.857 0.003 0.004
34 0.793 0.861 0.003 0.004
34 0.798 0.863 0.003 0.004
46 0.807 0.865 0.003 0.004
49 0.791 0.870 0.003 0.004
44 0.800 0.869 0.003 0.004
41 0.813 0.869 0.003 0.004
41 0.820 0.869 0.003 0.004
45 0.826 0.872 0.003 0.004
35 0.826 0.872 0.003 0.004
36 0.820 0.863 0.003 0.004
22 0.816 0.858 0.003 0.004
9 0.815 0.852 0.003 0.004
7 0.820 0.852 0.003 0.004
9 0.825 0.855 0.003 0.004
16 0.810 0.840 0.003 0.004
12 0.817 0.845 0.003 0.004
15 0.821 0.840 0.003 0.004
15 0.828 0.844 0.003 0.004
22 0.811 0.835 0.003 0.004
22 0.818 0.835 0.003 0.004
20 0.829 0.837 0.003 0.004
22 0.827 0.830 0.003 0.004
29 0.813 0.828 0.003 0.004
26 0.822 0.824 0.003 0.004
45 0.833 0.869 0.003 0.004
39 0.840 0.866 0.003 0.004
40 0.852 0.868 0.003 0.004
21 0.854 0.861 0.003 0.004
17 0.833 0.860 0.003 0.004
7 0.834 0.856 0.003 0.004
8 0.842 0.857 0.003 0.004
9 0.835 0.850 0.003 0.004
4 0.844 0.852 0.003 0.004
3 0.854 0.853 0.003 0.004
15 0.846 0.848 0.003 0.004
17 0.851 0.846 0.003 0.004
18 0.838 0.843 0.003 0.004
22 0.849 0.837 0.003 0.004
24 0.834 0.831 0.003 0.004
21 0.840 0.831 0.003 0.004
24 0.849 0.830 0.003 0.004
25 0.854 0.834 0.003 0.004
26 0.836 0.825 0.003 0.004
25 0.851 0.825 0.003 0.004
34 0.863 0.870 0.003 0.004
36 0.873 0.869 0.003 0.004
26 0.863 0.864 0.003 0.004
23 0.867 0.862 0.003 0.004
7 0.878 0.861 0.003 0.004
20 0.876 0.851 0.003 0.004
21 0.869 0.857 0.003 0.004
20 0.869 0.850 0.003 0.004
16 0.864 0.851 0.003 0.004
5 0.857 0.845 0.003 0.004
20 0.865 0.845 0.003 0.004
21 0.868 0.842 0.003 0.004
20 0.878 0.844 0.003 0.004
22 0.860 0.835 0.003 0.004
23 0.864 0.838 0.003 0.004
23 0.870 0.836 0.003 0.004
23 0.865 0.831 0.003 0.004
22 0.870 0.832 0.003 0.004
29 0.859 0.827 0.003 0.004
26 0.872 0.826 0.003 0.004
26 0.863 0.817 0.003 0.004
25 0.873 0.816 0.003 0.004
20 0.858 0.794 0.003 0.004
22 0.870 0.808 0.003 0.004
17 0.875 0.810 0.003 0.004
17 0.877 0.803 0.003 0.004
17 0.873 0.798 0.003 0.004
10 0.856 0.785 0.003 0.004
14 0.855 0.789 0.003 0.004
14 0.878 0.792 0.003 0.004
25 0.884 0.869 0.003 0.004
29 0.895 0.869 0.003 0.004
22 0.880 0.865 0.003 0.004
20 0.890 0.865 0.003 0.004
18 0.897 0.860 0.003 0.004
12 0.881 0.854 0.003 0.004
7 0.884 0.860 0.003 0.004
21 0.888 0.851 0.003 0.004
15 0.890 0.858 0.003 0.004
15 0.896 0.856 0.003 0.004
20 0.896 0.849 0.003 0.004
16 0.889 0.846 0.003 0.004
18 0.899 0.844 0.003 0.004
20 0.891 0.838 0.003 0.004
21 0.880 0.835 0.003 0.004
20 0.893 0.833 0.003 0.004
22 0.884 0.830 0.003 0.004
20 0.886 0.825 0.003 0.004
19 0.894 0.827 0.003 0.004
33 0.903 0.868 0.003 0.004
22 0.904 0.862 0.003 0.004
18 0.908 0.859 0.003 0.004
19 0.905 0.854 0.003 0.004
16 0.904 0.851 0.003 0.004
18 0.906 0.847 0.003 0.004
18 0.910 0.848 0.003 0.004
20 0.908 0.842 0.003 0.004
18 0.905 0.837 0.003 0.004
17 0.909 0.833 0.003 0.004
15 0.909 0.826 0.003 0.004
18 0.888 0.819 0.003 0.004
16 0.896 0.819 0.003 0.004
15 0.890 0.814 0.003 0.004
15 0.897 0.813 0.003 0.004
14 0.892 0.808 0.003 0.004
15 0.898 0.807 0.003 0.004
15 0.895 0.802 0.003 0.004
7 0.900 0.799 0.003 0.004
2 0.843 0.656 0.003 0.004
2 0.849 0.653 0.003 0.004
4 0.836 0.654 0.003 0.004
4 0.840 0.651 0.003 0.004
3 0.845 0.649 0.003 0.004
1 0.850 0.649 0.003 0.004
2 0.852 0.647 0.003 0.004
6 0.844 0.642 0.003 0.004
7 0.842 0.638 0.003 0.004
5 0.855 0.638 0.003 0.004
5 0.853 0.634 0.003 0.004
5 0.860 0.632 0.003 0.004
4 0.864 0.639 0.003 0.004
4 0.869 0.638 0.003 0.004
3 0.866 0.629 0.003 0.004
10 0.840 0.627 0.003 0.004
8 0.851 0.628 0.003 0.004
5 0.855 0.625 0.003 0.004
11 0.848 0.622 0.003 0.004
13 0.836 0.615 0.003 0.004
15 0.844 0.615 0.003 0.004
9 0.855 0.616 0.003 0.004
11 0.833 0.607 0.003 0.004
13 0.843 0.608 0.003 0.004
10 0.852 0.603 0.003 0.004
11 0.839 0.599 0.003 0.004
11 0.849 0.598 0.003 0.004
17 0.835 0.588 0.003 0.004
5 0.845 0.589 0.003 0.004
13 0.849 0.591 0.003 0.004
9 0.855 0.594 0.003 0.004
12 0.843 0.582 0.003 0.004
10 0.848 0.587 0.003 0.004
2 0.877 0.626 0.003 0.004
6 0.862 0.620 0.003 0.004
5 0.873 0.619 0.003 0.004
8 0.858 0.608 0.003 0.004
7 0.868 0.609 0.003 0.004
8 0.864 0.600 0.003 0.004
2 0.877 0.597 0.003 0.004
7 0.860 0.588 0.003 0.004
5 0.869 0.587 0.003 0.004
3 0.872 0.593 0.003 0.004
11 0.857 0.586 0.003 0.004
11 0.841 0.576 0.003 0.004
10 0.850 0.579 0.003 0.004
12 0.854 0.577 0.003 0.004
12 0.840 0.569 0.003 0.004
11 0.846 0.571 0.003 0.004
9 0.853 0.568 0.003 0.004
7 0.835 0.558 0.003 0.004
6 0.845 0.560 0.003 0.004
5 0.836 0.544 0.003 0.004
7 0.850 0.552 0.003 0.004
7 0.841 0.535 0.003 0.004
6 0.850 0.535 0.003 0.004
8 0.863 0.577 0.003 0.004
10 0.859 0.573 0.003 0.004
7 0.878 0.572 0.003 0.004
9 0.873 0.568 0.003 0.004
11 0.863 0.561 0.003 0.004
10 0.869 0.565 0.003 0.004
9 0.879 0.562 0.003 0.004
12 0.874 0.557 0.003 0.004
9 0.858 0.557 0.003 0.004
8 0.860 0.550 0.003 0.004
4 0.872 0.542 0.003 0.004
12 0.877 0.543 0.003 0.004
4 0.857 0.538 0.003 0.004
6 0.867 0.539 0.003 0.004
5 0.833 0.527 0.003 0.004
5 0.839 0.522 0.003 0.004
4 0.844 0.520 0.003 0.004
4 0.837 0.509 0.003 0.004
4 0.855 0.515 0.003 0.004
4 0.842 0.503 0.003 0.004
5 0.847 0.506 0.003 0.004
8 0.841 0.497 0.003 0.004
6 0.852 0.496 0.003 0.004
9 0.842 0.485 0.003 0.004
7 0.845 0.490 0.003 0.004
4 0.859 0.529 0.003 0.004
3 0.864 0.528 0.003 0.004
4 0.874 0.525 0.003 0.004
5 0.877 0.531 0.003 0.004
5 0.869 0.518 0.003 0.004
4 0.860 0.508 0.003 0.004
1 0.864 0.511 0.003 0.004
1 0.875 0.507 0.003 0.004
5 0.857 0.490 0.003 0.004
3 0.868 0.496 0.003 0.004
1 0.878 0.496 0.003 0.004
7 0.857 0.484 0.003 0.004
4 0.864 0.486 0.003 0.004
1 0.872 0.486 0.003 0.004
9 0.835 0.475 0.003 0.004
11 0.838 0.478 0.003 0.004
6 0.856 0.476 0.003 0.004
10 0.851 0.474 0.003 0.004
12 0.843 0.463 0.003 0.004
12 0.847 0.469 0.003 0.004
9 0.855 0.462 0.003 0.004
12 0.839 0.457 0.003 0.004
11 0.851 0.457 0.003 0.004
10 0.835 0.453 0.003 0.004
12 0.848 0.452 0.003 0.004
8 0.841 0.443 0.003 0.004
11 0.845 0.448 0.003 0.004
5 0.863 0.475 0.003 0.004
2 0.869 0.478 0.003 0.004
8 0.862 0.464 0.003 0.004
1 0.875 0.470 0.003 0.004
4 0.870 0.456 0.003 0.004
2 0.874 0.461 0.003 0.004
13 0.859 0.440 0.003 0.004
6 0.874 0.436 0.003 0.004
3 0.874 0.442 0.003 0.004
3 0.835 0.435 0.003 0.004
14 0.855 0.434 0.003 0.004
14 0.851 0.429 0.003 0.004
3 0.841 0.423 0.003 0.004
3 0.844 0.421 0.003 0.004
2 0.839 0.414 0.003 0.004
6 0.850 0.415 0.003 0.004
6 0.833 0.406 0.003 0.004
6 0.849 0.401 0.003 0.004
11 0.855 0.401 0.003 0.004
7 0.838 0.392 0.003 0.004
5 0.843 0.396 0.003 0.004
8 0.844 0.388 0.003 0.004
11 0.849 0.389 0.003 0.004
7 0.853 0.396 0.003 0.004
13 0.870 0.432 0.003 0.004
15 0.866 0.427 0.003 0.004
15 0.857 0.420 0.003 0.004
15 0.863 0.422 0.003 0.004
1 0.876 0.426 0.003 0.004
8 0.877 0.420 0.003 0.004
13 0.873 0.416 0.003 0.004
14 0.860 0.404 0.003 0.004
15 0.866 0.409 0.003 0.004
16 0.873 0.406 0.003 0.004
9 0.876 0.410 0.003 0.004
14 0.860 0.404 0.003 0.004
14 0.865 0.399 0.003 0.004
15 0.870 0.402 0.003 0.004
19 0.876 0.400 0.003 0.004
12 0.859 0.391 0.003 0.004
11 0.864 0.389 0.003 0.004
14 0.872 0.394 0.003 0.004
17 0.877 0.393 0.003 0.004
12 0.853 0.387 0.003 0.004
8 0.841 0.386 0.003 0.004
9 0.841 0.382 0.003 0.004
3 0.844 0.383 0.003 0.004
5 0.847 0.381 0.003 0.004
6 0.854 0.379 0.003 0.004
9 0.835 0.376 0.003 0.004
7 0.839 0.375 0.003 0.004
8 0.843 0.375 0.003 0.004
8 0.849 0.378 0.003 0.004
11 0.851 0.373 0.003 0.004
4 0.839 0.366 0.003 0.004
12 0.844 0.365 0.003 0.004
16 0.848 0.361 0.003 0.004
6 0.852 0.363 0.003 0.004
14 0.855 0.355 0.003 0.004
18 0.855 0.360 0.003 0.004
12 0.855 0.366 0.003 0.004
34 0.835 0.364 0.003 0.004
43 0.839 0.361 0.003 0.004
25 0.842 0.354 0.003 0.004
14 0.842 0.354 0.003 0.004
20 0.849 0.355 0.003 0.004
20 0.850 0.350 0.003 0.004
21 0.856 0.347 0.003 0.004
18 0.835 0.355 0.003 0.004
19 0.841 0.349 0.003 0.004
18 0.844 0.342 0.003 0.004
27 0.846 0.347 0.003 0.004
28 0.852 0.342 0.003 0.004
11 0.835 0.344 0.003 0.004
12 0.832 0.347 0.003 0.004
11 0.840 0.338 0.003 0.004
11 0.843 0.336 0.003 0.004
5 0.838 0.334 0.003 0.004
23 0.849 0.336 0.003 0.004
12 0.846 0.328 0.003 0.004
9 0.849 0.325 0.003 0.004
17 0.851 0.329 0.003 0.004
1 0.854 0.319 0.003 0.004
7 0.858 0.386 0.003 0.004
14 0.860 0.382 0.003 0.004
14 0.871 0.382 0.003 0.004
6 0.856 0.375 0.003 0.004
3 0.857 0.380 0.003 0.004
10 0.860 0.375 0.003 0.004
14 0.868 0.376 0.003 0.004
9 0.858 0.370 0.003 0.004
9 0.865 0.371 0.003 0.004
11 0.875 0.371 0.003 0.004
9 0.861 0.365 0.003 0.004
13 0.865 0.364 0.003 0.004
10 0.874 0.365 0.003 0.004
14 0.860 0.360 0.003 0.004
10 0.864 0.356 0.003 0.004
9 0.872 0.356 0.003 0.004
10 0.878 0.355 0.003 0.004
21 0.856 0.347 0.003 0.004
16 0.865 0.349 0.003 0.004
8 0.870 0.347 0.003 0.004
6 0.877 0.344 0.003 0.004
15 0.870 0.340 0.003 0.004
22 0.864 0.342 0.003 0.004
29 0.858 0.338 0.003 0.004
14 0.875 0.335 0.003 0.004
17 0.878 0.330 0.003 0.004
6 0.875 0.326 0.003 0.004
20 0.857 0.320 0.003 0.004
36 0.859 0.329 0.003 0.004
33 0.864 0.330 0.003 0.004
48 0.860 0.322 0.003 0.004
40 0.867 0.322 0.003 0.004
44 0.865 0.314 0.003 0.004
31 0.872 0.316 0.003 0.004
21 0.877 0.311 0.003 0.004
46 0.869 0.311 0.003 0.004
50 0.868 0.306 0.003 0.004
40 0.871 0.308 0.003 0.004
34 0.876 0.306 0.003 0.004
61 0.869 0.302 0.003 0.004
18 0.873 0.302 0.003 0.004
34 0.878 0.302 0.003 0.004
47 0.868 0.299 0.003 0.004
10 0.871 0.299 0.003 0.004
3 0.865 0.294 0.003 0.004
50 0.867 0.295 0.003 0.004
7 0.874 0.295 0.003 0.004
34 0.868 0.291 0.003 0.004
29 0.873 0.291 0.003 0.004
28 0.878 0.289 0.003 0.004
10 0.866 0.286 0.003 0.004
19 0.869 0.285 0.003 0.004
22 0.873 0.284 0.003 0.004
6 0.867 0.280 0.003 0.004
18 0.873 0.279 0.003 0.004
13 0.876 0.275 0.003 0.004
11 0.876 0.273 0.003 0.004
8 0.873 0.273 0.003 0.004
2 0.871 0.271 0.003 0.004
1 0.873 0.268 0.003 0.004
4 0.873 0.258 0.003 0.004
2 0.893 0.239 0.003 0.004
1 0.898 0.241 0.003 0.004
1 0.902 0.221 0.003 0.004
6 0.902 0.224 0.003 0.004
2 0.902 0.230 0.003 0.004
14 0.906 0.237 0.003 0.004
2 0.905 0.223 0.003 0.004
1 0.909 0.217 0.003 0.004
4 0.911 0.218 0.003 0.004
2 0.893 0.251 0.003 0.004
3 0.879 0.259 0.003 0.004
7 0.883 0.262 0.003 0.004
3 0.880 0.259 0.003 0.004
6 0.880 0.273 0.003 0.004
48 0.892 0.267 0.003 0.004
30 0.895 0.270 0.003 0.004
33 0.884 0.279 0.003 0.004
32 0.888 0.277 0.003 0.004
28 0.879 0.284 0.003 0.004
31 0.881 0.289 0.003 0.004
21 0.890 0.281 0.003 0.004
2 0.888 0.289 0.003 0.004
10 0.894 0.284 0.003 0.004
11 0.899 0.282 0.003 0.004
14 0.898 0.288 0.003 0.004
11 0.902 0.279 0.003 0.004
9 0.897 0.277 0.003 0.004
8 0.897 0.280 0.003 0.004
8 0.902 0.274 0.003 0.004
28 0.897 0.252 0.003 0.004
33 0.899 0.258 0.003 0.004
32 0.902 0.255 0.003 0.004
22 0.906 0.243 0.003 0.004
22 0.909 0.247 0.003 0.004
31 0.905 0.251 0.003 0.004
28 0.905 0.256 0.003 0.004
5 0.908 0.260 0.003 0.004
5 0.911 0.262 0.003 0.004
7 0.904 0.269 0.003 0.004
8 0.902 0.273 0.003 0.004
8 0.906 0.274 0.003 0.004
8 0.909 0.279 0.003 0.004
5 0.911 0.281 0.003 0.004
9 0.910 0.286 0.003 0.004
10 0.906 0.287 0.003 0.004
12 0.904 0.291 0.003 0.004
17 0.910 0.291 0.003 0.004
19 0.906 0.295 0.003 0.004
18 0.910 0.295 0.003 0.004
16 0.903 0.298 0.003 0.004
22 0.910 0.299 0.003 0.004
20 0.907 0.300 0.003 0.004
25 0.904 0.302 0.003 0.004
22 0.907 0.304 0.003 0.004
25 0.909 0.302 0.003 0.004
10 0.903 0.310 0.003 0.004
27 0.880 0.295 0.003 0.004
26 0.880 0.302 0.003 0.004
8 0.892 0.292 0.003 0.004
22 0.900 0.293 0.003 0.004
12 0.900 0.296 0.003 0.004
15 0.896 0.297 0.003 0.004
12 0.893 0.297 0.003 0.004
11 0.887 0.300 0.003 0.004
16 0.886 0.304 0.003 0.004
18 0.880 0.308 0.003 0.004
17 0.880 0.313 0.003 0.004
19 0.883 0.315 0.003 0.004
18 0.883 0.307 0.003 0.004
22 0.887 0.308 0.003 0.004
23 0.891 0.302 0.003 0.004
20 0.894 0.310 0.003 0.004
26 0.894 0.310 0.003 0.004
28 0.894 0.305 0.003 0.004
32 0.899 0.303 0.003 0.004
14 0.883 0.319 0.003 0.004
12 0.886 0.318 0.003 0.004
12 0.898 0.310 0.003 0.004
12 0.901 0.308 0.003 0.004
11 0.900 0.313 0.003 0.004
15 0.881 0.324 0.003 0.004
10 0.888 0.324 0.003 0.004
13 0.892 0.322 0.003 0.004
9 0.881 0.338 0.003 0.004
9 0.887 0.332 0.003 0.004
9 0.897 0.329 0.003 0.004
10 0.893 0.335 0.003 0.004
12 0.886 0.340 0.003 0.004
9 0.891 0.340 0.003 0.004
5 0.881 0.343 0.003 0.004
13 0.886 0.346 0.003 0.004
11 0.893 0.342 0.003 0.004
5 0.893 0.352 0.003 0.004
11 0.881 0.366 0.003 0.004
7 0.887 0.359 0.003 0.004
7 0.893 0.364 0.003 0.004
11 0.881 0.365 0.003 0.004
7 0.885 0.370 0.003 0.004
5 0.889 0.371 0.003 0.004
10 0.880 0.378 0.003 0.004
8 0.884 0.376 0.003 0.004
1 0.889 0.376 0.003 0.004
1 0.891 0.373 0.003 0.004
7 0.883 0.389 0.003 0.004
6 0.880 0.398 0.003 0.004
18 0.880 0.403 0.003 0.004
3 0.883 0.401 0.003 0.004
6 0.883 0.415 0.003 0.004
3 0.879 0.422 0.003 0.004
6 0.883 0.415 0.003 0.004
11 0.885 0.420 0.003 0.004
3 0.880 0.422 0.003 0.004
10 0.882 0.425 0.003 0.004
5 0.881 0.430 0.003 0.004
8 0.884 0.428 0.003 0.004
12 0.886 0.432 0.003 0.004
2 0.880 0.445 0.003 0.004
4 0.883 0.450 0.003 0.004
3 0.888 0.453 0.003 0.004
1 0.884 0.457 0.003 0.004
1 0.881 0.463 0.003 0.004
1 0.880 0.470 0.003 0.004
7 0.887 0.480 0.003 0.004
1 0.881 0.483 0.003 0.004
11 0.889 0.444 0.003 0.004
11 0.892 0.448 0.003 0.004
10 0.892 0.457 0.003 0.004
11 0.894 0.462 0.003 0.004
13 0.893 0.479 0.003 0.004
12 0.897 0.478 0.003 0.004
11 0.901 0.477 0.003 0.004
9 0.901 0.471 0.003 0.004
9 0.896 0.447 0.003 0.004
5 0.898 0.443 0.003 0.004
6 0.905 0.473 0.003 0.004
4 0.909 0.472 0.003 0.004
12 0.892 0.484 0.003 0.004
13 0.897 0.490 0.003 0.004
5 0.888 0.501 0.003 0.004
2 0.884 0.503 0.003 0.004
7 0.881 0.514 0.003 0.004
9 0.888 0.513 0.003 0.004
12 0.886 0.519 0.003 0.004
6 0.888 0.523 0.003 0.004
2 0.880 0.530 0.003 0.004
12 0.895 0.503 0.003 0.004
10 0.900 0.496 0.003 0.004
9 0.902 0.503 0.003 0.004
11 0.893 0.517 0.003 0.004
14 0.891 0.526 0.003 0.004
13 0.889 0.530 0.003 0.004
9 0.902 0.503 0.003 0.004
4 0.908 0.507 0.003 0.004
5 0.906 0.528 0.003 0.004
2 0.910 0.530 0.003 0.004
10 0.880 0.536 0.003 0.004
11 0.884 0.541 0.003 0.004
8 0.897 0.538 0.003 0.004
6 0.901 0.541 0.003 0.004
9 0.888 0.546 0.003 0.004
8 0.892 0.548 0.003 0.004
6 0.897 0.549 0.003 0.004
5 0.884 0.563 0.003 0.004
8 0.889 0.565 0.003 0.004
8 0.896 0.557 0.003 0.004
6 0.901 0.562 0.003 0.004
5 0.900 0.567 0.003 0.004
2 0.883 0.576 0.003 0.004
5 0.891 0.579 0.003 0.004
4 0.907 0.537 0.003 0.004
6 0.904 0.544 0.003 0.004
5 0.905 0.550 0.003 0.004
4 0.903 0.574 0.003 0.004
1 0.881 0.603 0.003 0.004
1 0.886 0.612 0.003 0.004
1 0.890 0.617 0.003 0.004
3 0.879 0.631 0.003 0.004
2 0.881 0.638 0.003 0.004
1 0.884 0.644 0.003 0.004
1 0.885 0.649 0.003 0.004
4 0.897 0.586 0.003 0.004
3 0.902 0.589 0.003 0.004
2 0.906 0.594 0.003 0.004
1 0.909 0.597 0.003 0.004
